19.8496;4.1219;0;0;0;0;4.39319;0;0;0;0;0;0;0;0;0;0;0;0;0;0;0;0;4.18586;8.16137;0;0;0;0;0;0;0;0;0;0;0;0;0;0;0;0;0;0;0;0;0;0;0;0;0;0;0;0;0;0;0;0;0;0;0;0;0;0;64.8406;0;
0;11.1132;0;0;0;0;0;0;0;0;53.7179;0;0;0;0;0;0;0;0;0;0;0;0;0;0;0;0;0;0;0;0;0;0;0;0;0;0;0.464062;0;0;0;0;0;0;0;0;43.1221;15.7125;0;0;0;0;0;0;0;0;0;0;0;9.48939;0;24.7092;0;0;0;
0;0;0;0;0.90408;0;0;0;0;0;0;0;0;0;0;0;0;0;0;0;0;0;0;0;2.40609;0;0;0;0;0;0;0;0;0;0;0;0;0;0;0;0;0;0;0;0;0;0;0;0;0;0;0;0;0;0;0;0;0;0;0;0;0;0;0;0;
0;0;0;0;0;0;0;0;0;0;0;0;0;0;0;0;0;0;0;0;0;0;0;0;0;0;0;0;0;0;0;0;0;0;0;0;0;0;0;0;0;10.5617;0;0;0;0;0;0;0;0;0;0;0;0;0;0;0;0;0;0;0;0;0;0;0;
0;0;0;0;0;0;0;0;0;76.3099;0;0;0;24.0395;0;0;0;0;0;0;0;0;0;0;0;0;0;0;0;0;0;0;0;0;0;0;0;0;0;0;0;0;0;0;0;0;0;0;2.09454;0;0;28.313;0;0;0;0;0;0;0;0;0;0;0;0;70.6695;
0;0;0;0;0;0;0;0;0;46.8967;0;0;0;0;0;0;0;0;0;0;0;0;0;0;0;0;0;0;0;0;0;0;0;0;0;0;0;0;0;0;0;0;0;0;10.5617;0;0;17.4066;0;0;0;0;0;0;0;0;0;0;0;0;7.4216;0;0;0;15.6649;
0;0;0;0;0;0;0;0;0;0;0;0;0;0;0;0;0;0;0;0;0;0;0;0;0;0;0;0;0;0;0;0;0;0;0;49.2098;0;0;0;0;0;83.2647;0;0;0;33.8725;0;0;0;0;85.102;0;100.043;0;0;0;10.8098;0;15.9898;0;0;0;0;0;38.5902;
0;0;24.8951;0;0;0;0;0;0;0;0;0;0;0;0;0;0;0;0;0;0;0;0;0;0;0;0;0;0;0;0;0;0;0;0;0;0;0;0;0;9.8258;35.5705;0;0;0;0;0;0;0;0;0;0;0;0;0;107.714;0;31.4021;0;0;48.0179;0;0;0;0;
0;0;0;0;0;0;0;8.4298;0;0;0;0;0;0;0;0;0;0;0;0;0;0;0;0;0;0;0;0;0;0;0;0;0;0;12.3409;0;0;0;0;0;0;0;0;2.51958;0;0;24.6365;36.2265;33.8145;0;0;0;0;0;0;0;0;0;3.80153;0;0;0;0;0;4.4034;
0;0;0;0;0;0;0;0;0;0;0;0;0;0;0;0;0;0;0;0;0;0;0;0;0;0;0;0;58.6827;0;0;0;0;0;0;0;0;0;0;0;0;0;0;0;23.1362;0;0;0;0;0;0;0;0;0;17.4474;0;3.93652;0;0;0;0;0;0;0;0;
0;0;0;0;0;0;0;0;0;0;0;0;0;0;0;0;0;0;0;44.4361;0;0;17.768;0;0;0;0;0;0;0;0;0;0;0;0;0;0;64.039;0;0;0;12.1485;14.1278;0;0;0;0;42.2601;42.2017;0;12.725;0;0;0;0;0;0;0;0;0;0;0;0;0;0;
0;0;0;0;0;0;0;0;0;0;0;0;0;0;0;0;0;0;0;0;0;0;11.4496;0;0;0;0;0;0;10.1287;0;11.7181;0;0;28.7039;0;0;0;0;0;0;22.7093;0;0;0;0;0;0;0;0;0;0;0;0;0;0;0;0;0;0;0;0;0;0;0;
0;0;0;0;0;0;0;0;0;0;0;0;0;0;0;0;0;0;66.3567;0;0;0;0;0;0;29.2488;0;0;0;0;0;0;0;0;0;0;9.50996;0;3.30219;0;0;0;0;0;0;0;0;0;0;0;0;0;0;0;0;0;0;0;0;0;0;0;0;0;6.18128;
68.551;0;0;0;0;0;0;0;0;0;0;0;0;0;0;56.9082;0;0;0;0;0;0;0;0;0;0;0;0;0;0;0;0;0;0;0;0;0;0;0;0;0;0;0;0;0;0;0;0;0;0;0;0;0;0;0;0;0;0;0;0;0;0;10.582;0;0;
0;0;0;0;0;0;0;0;0;0;0;62.7363;0;0;0;27.6553;0;0;0;0;0;0;0;0;0;0;0;0;0;0;0;0;0;0;0;0;0;0;0;0;0;0;0;0;0;0;0;0;0;0;0;0;0;0;0;0;0;0;0;0;0;0;0;0;0;
0;0;0;0;0;0;0;35.0328;0;0;0;0;0;0;0;0;0;0;0;0;0;0;0;0;0;0;0;0;0;0;0;0;0;0;0;0;0;0;0;0;0;0;0;0;0;0;0;0;0;0;0;0;0;0;0;0;0;0;2.65295;0;0;0;0;0;2.98693;
0;0;0;0;0;0;0;0;0;0;0;0;0;0;0;3.27386;15.2142;0;0;0;3.06078;0;0;0;0;28.8513;0;0;0;0;0;0;0;0;80.0799;0;0;0;12.5854;0;0;0;0;0;23.6549;0;0;0;0;0;0;0;0;0;0;0;0;0;0;0;0;0;0;0;0;
0;0;0;0;0;0;0;0;0;0;26.0767;0;0;0;0;0;0;0;0;0;0;0;0;40.1472;0;0;0;0;0;0;0;0;0;0;0;0;0;0;0;0;10.9594;0;0;0;0;0;0;0;0;0;0;0;0;0;0;0;0;0;0;0;0;0;0;0;0;
0;0;0;2.19316;0;0;0;0;0;0;0;0;0;0;0;0;77.554;0;0;0;0;0;0;0;0;0;0;0;0;0;0;0;0;0;0;16.3064;16.4453;0;0;0;0;0;0;0;0;0;0;0;0;0;0;0;0;0;0;0;0;0;0;0;0;0;0;0;0;
0;50.117;0;0;0;0;0;0;0;0;0;0;0;0;0;8.20563;0;0;0;0;3.28234;0;0;0;0;0;0;0;0;0;0;0;0;0;29.8784;0;0;0;0;0;0;0;0;0;0;0;0;0;0;0;0;0;0;0;0;0;0;0;0;45.2857;5.29057;0;0;0;0;
0;0;0;0;0;0;0;0;0;0;0;0;0;0;0;0;0;0;0;0;0;0;0;0;6.85457;0;0;0;0;0;0;0;24.5365;0;0;0;0;0;0;0;0;0;0;0;0;0;0;0;0;0;0;0;0;0;0;0;0;0;0;0;0;0;0;0;0;
0;0;0;0;0;0;0;0;0;0;0;0;0;0;0;0;0;0;1.21285;0;2.77491;0;0;0;0;0;0;0;0;0;0;0;0;0;0;0;0;0;0;0;0;0;0;0;0;0;0;0;30.026;0;0;0;0;0;113.271;0;19.3533;0;0;0;0;0;0;0;0;
0;0;0;0;0;0;0;14.3032;0;0;0;0;0;0;0;0;0;51.2801;0;0;0;0;0;0;0;0;0;0;0;0;0;0;0;0;0;0;0;0;0;0;0;0;0;0;0;0;0;0;0;0;0;0;3.57665;0;0;0;0;0;0;0;0;0;0;0;0;
0;0;0;0;0;0;0;0;0;0;0;0;0;0;0;0;0;0;0;0;0;0;0;0;0;0;0;2.03283;0;0;0;0;0;0;0;0;0;0;0;0;0;0;0;0;0;0;0;5.51845;0;0;0;68.2401;0;0;0;0;0;0;0;0;0;0;0;0;0;
0;0;0;0;0;0;0;0;0;0;0;0;0;0;0;0;0;0;0;0;0;0;0;0;0;0;0;0;0;0;0;0;0;0;0;0;0;0;0;0;0;0;0;0;0;0;0;0;0;0;0;0;0;0;0;69.605;17.3866;5.4841;0;0;0;0;0;0;0;
0;0;0;0;0;0;0;0;0;0;0;0;0;0;0;0;0;0;0;0;0;0;0;0;0;0;0;0;0;0;0;0;0;0;0;0;0;0;0;0;0;0;0;0;0;0;0;0;0;49.7751;0;0;0;0;0;0;0;22.0852;0;0;0;0;0;0;0;
0;0;0;0;0;0;0;0;0;0;0;0;0;0;0;0;0;0;0;0;0;0;0;0;0;0;0;0;0;0;0;0;0;0;0;0;0;0;0;0;0;0;0;0;0;0;0;0;0;81.1009;0;0;0;0;0;0;0;0;0;0;29.1989;0;0;0;0;
0;0;0;0;0;0;0;0;0;0;0;0;0;0;0;0;0;0;0;0;0;0;0;0;0;0;0;0;0;0;0;0;0;0;0;0;0;0;0;0;0;0;0;52.4573;3.87985;0;0;0;0;0;0;0;0;0;0;0;0;0;0;0;0;0;0;0;0;
0;0;0;0;0;0;0;0;0;0;0;0;0;0;0;0;0;0;0;0;0;0;0;0;0;22.5249;0;0;0;0;0;0;0;0;0;0;0;0;0;0;0;30.8146;0;0;9.61105;0;0;0;0;0;0;0;0;0;0;14.0151;0;0;0;0;0;0;0;0;0;
0;0;0;0;0;0;0;0;0;0;0;0;0;0;0;0;0;0;0;0;0;0;0;0;39.8145;0;0;0;0;0;0;0;0;0;0;0;0;0;0;0;0;11.9952;27.8116;0;0;42.1691;0;0;0;0;0;1.30307;0;0;0;0;0;0;0;0;0;0;0;0;0;
0;0;0;0;0;0;0;0;0;0;0;0;1.65145;0;0;0;0;0;0;0;0;0;0;29.4715;0;4.03326;0;0;0;0;0;0;0;0;0;0;0;0;0;22.5369;48.1518;57.0308;0;26.3223;0;0;0;0;0;0;0;0;0;27.7476;0;0;0;0;0;0;0;0;0;0;0;
0;0;0;0;0;0;0;0;0;0;0;0;0;0;0;0;0;0;0;6.84606;0;81.2804;0;0;0;0;0;0;0;0;0;0;0;0;0;0;0;0;0;0;0;0;68.1151;0;0;18.1297;0;0;0;0;0;0;0;0;0;0;0;0;0;0;0;0;0;0;0;
0;0;0;0;0;0;0;0;0;0;37.6675;0;0;0;0;0;0;0;0;0;0;0;0;0;2.3681;0;0;0;0;0;0;0;0;0;0;0;0;0;0;0;0;0;0;0;66.5382;0;0;0;0;0;0;0;0;0;0;0;0;0;0;0;0;0;0;0;0;
0;0;0;0;0;0;0;0;0;28.6627;0;51.2562;48.706;0;0;0;0;0;0;24.6635;55.1629;0;0;0;0;0;8.13914;0;0;5.45466;0;0;0;0;0;0;0;0;0;0;0;0;0;8.46897;8.55417;0;0;23.6774;0;0;0;0;0;0;0;10.3094;11.8953;0;0;0;0;0;0;9.90976;0;
0;0;0;0;0;0;0;0;0;49.5733;0;0;0;1.88821;14.1915;0;0;0;0;0;0;0;0;0;0;0;0;0;0;0;0;0;0;0;0;0;0;0;0;0;0;0;73.6386;29.905;0;0;0;0;0;0;0;0;0;0;0;0;0;0;0;0;0;0;0;0;12.3001;
0;0;0;0;0;0;42.3093;0;0;0;0;0;50.3334;0;0;0;0;0;0;37.8006;0;0;27.4854;39.6156;0;103.128;0;0;0;0;0;0;0;0;0;0;0;0;0;0;0;0;0;0;0;0;0;0;0;0;0;0;0;0;0;0;0;0;0;0;0;0;0;0;0;
0;0;0;0;0;0;0;8.38867;0;0;0;0;0;0;0;0;0;0;0;0;0;33.4884;0;0;0;0;0;0;0;0;0;0;0;0;0;0;0;0;0;0;0;0;0;0;0;0;0;0;0;0;0;0;0;0;0;0;0;0;0;0;0;0;0;0;0;
0;0;0;0;0;0;94.9534;0;0;0;0;0;0;31.3266;0;0;23.867;0;0;0;0;0;0;16.1352;0;0;0;0;0;0;0;0;0;0;0;0;0;0;0;0;0;0;0;0;0;67.5311;0;0;0;0;0;0;0;0;0;0;0;0;6.95425;0;0;0;0;0;0;
0;0;0;0;0;0;29.6328;0;0;0;0;0;9.88927;0;30.6598;0;20.4124;0;0;0;0;0;0;0;0;0;0;0;0;0;0;0;0;0;0;0;0;6.95368;16.592;0;0;0;5.36583;0;0;6.81336;0;0;0;0;0;0;0;62.199;0;5.17341;0;0;0;0;0;0;0;0;0;
0;0;0;0;0;0;0;0;80.634;0;0;0;79.3477;46.7835;0;0;0;0;0;0;0;0;0;0;0;0;0;0;0;0;0;0;0;0;0;0;0;40.8051;0;0;0;0;0;0;4.28468;0;0;0;0;0;0;0;0;0;11.1136;0;0;0;0;0;0;0;0;0;0;
0;0;0;0;0;0;0;0;0;0;0;0;0;0;0;35.7111;0;0;0;0;0;0;0;0;0;0;0;0;0;0;0;0;0;0;52.443;12.6576;0;0;0;0;0;0;0;0;0;0;0;0;0;4.91213;0;0;0;0;0;0;0;0;0;0;0;0;0;0;0;
0;0;0;0;0;0;0;0;0;0;0;0;0;0;0;0;0;0;0;0;0;0;0;0;0;0;0;0;0;0;0;0;0;0;0;1.01778;0;0;0;0;0;0;25.7558;34.6019;0;34.4544;13.3636;0;0;0;0;12.2086;0;69.9279;0;0;0;0;0;0;0;0;0;0;0;
0;0;0;0;0;0;0;0;0;0;0;0;0;0;0;0;0;0;0;0;0;0;0;0;0;97.3496;0;0;0;0;0;52.3294;0;78.3655;0;0;0;0;29.8862;0;0;0;0;0;0;0;0;0;0;0;0;0;0;19.0874;0;0;0;0;0;0;0;0;0;0;0;
0;0;0;0;16.3849;0;0;0;0;0;0;0;0;0;0;0;0;0;0;0;0;77.5592;0;0;33.1696;0;0;0;59.6206;0;0;0;33.0387;0;0;0;0;0;0;0;8.95033;0;0;0;0;0;31.342;0;0;0;0;0;0;0;0;0;0;64.5792;0;0;73.8574;0;0;0;0;
0;0;0;0;0;0;0;0;0;0;0;28.8694;0;0;84.01;0;0;0;0;0;0;0;75.3663;0;0;0;11.9932;64.8021;7.846;0;0;0;0;0;0;0;0;0;0;0;0;0;0;0;0;0;0;0;0;0;0;0;24.5144;0;0;0;0;0;0;0;0;0;0;0;0;
0;0;0;0;0;0;39.2724;0;0;0;0;0;0;0;0;83.937;0;16.3323;0;0;0;18.5267;43.7419;0;0;26.5526;47.8695;0;0;0;0;16.8462;34.4746;0;0;0;0;0;0;0;0;24.6639;0;0;44.9387;0;0;0;41.2314;0;0;0;0;0;0;0;0;0;0;0;0;0;0;0;0;
0;0;0;0;0;0;0;96.0757;0;0;0;0;0;0;0;0;63.1598;0;0;0;31.251;0;0;0;0;0;0;5.95633;0;0;0;0;0;0;0;0;0;0;0;0;0;0;0;0;0;0;0;0;0;0;0;0;0;0;0;0;0;0;0;0;0;0;0;0;0;
0;0;49.9123;0;48.4096;0;0;0;0;0;0;0;0;0;0;0;0;0;71.7259;0;0;0;0;0;0;0;0;0;0;0;0;0;40.7027;0;0;0;0;0;24.0242;0;0;0;74.5978;0;58.1748;55.486;0;60.0365;0;0;0;50.0548;0;0;0;0;0;0;0;15.7177;0;128.558;0;0;0;
24.2699;0;0;0;0;0;0;0;0;13.8526;0;0;0;0;0;0;0;0;0;0;0;0;0;0;0;0;0;0;0;0;0;0;0;0;0;0;0;0;0;0;0;0;114.297;0;0;36.3841;0;0;0;0;0;0;0;0;0;0;14.3031;0;45.5254;0;0;39.8034;0;0;4.28254;
0;0;0;13.9319;0;0;0;0;0;0;0;0;0;0;0;0;0;0;0;0;0;0.536095;0;0;0;0;0;0;0;0;0;0;0;0;0;0;0;74.5317;10.1849;0;0;18.2718;41.6261;24.1154;0;0;0;0;0;0;0;0;0;0;0;0;0;0;0;0;0;0;0;0;0;
0;0;0;62.229;0;11.3507;0;0;0;0;0;0;0;0;0;0;0;0;0;0;0;0;0;0;0;0;0;0;0;0;0;0;0;0;0;0;0;0;81.102;0;10.6898;0;0;64.4095;67.5907;0;0;0;0;50.8729;0;0;0;0;0;0;0;0;0;0;0;0;0;0;34.126;
0;12.4616;0;0;0;0;0;0;0;0;0;0;0;0;0;0;0;0;0;0;0;0;0;0;0;0;0;0;0;0;2.22206;0;0;0;0;0;0;0;23.2458;26.01;0;0;0;0;10.811;0;54.4727;0;0;0;0;0;0;0;0;0;0;0;0;0;0;0;0;0;0;
0;13.783;0;0;0;0;0;0;0;1.56358;0;0;0;0;0;0;0;0;0;0;0;0;0;0;0;19.4225;0;0;0;0;0;0;0;0;0;128.532;0;0;0;0;0;0;66.0427;0;0;0;0;0;0;0;0;0;0;0;0;0;0;67.2484;0;42.59;53.2005;0;0;0;0;
0;3.77226;0;0;0;0;16.8017;0;0;13.0358;0;35.8058;0;0;0;0;0;0;0;0;0;0;0;0;0;0;0;0;0;0;0;14.1117;0;22.9467;0;0;0;6.19095;49.3079;0;0;47.001;0;9.1435;0;0;0;0;20.4865;0;0;0;0;5.06666;0;46.8429;0;0;0;0;43.5023;0;0;0;31.1647;
0;0;0;0;0;0;0;0;16.4583;0;24.4662;0;0;0;0;0;0;0;0;0;0;0;0;0;0;0;0;0;0;0;0;0;0;0;0;0;0;0;0;0;41.8638;0;0;0;0;0;0;0;0;0;0;0;49.8922;3.28151;0;0;0;0;57.8702;27.7443;0;0;0;0;0;
0;0;0;0;0;34.2218;0;0;0;84.2063;0;0;0;0;0;0;0;0;0;0;0;0;0;0;0;0;0;0;0;0;0;0;0;0;8.10532;63.499;0;0;0;60.8023;0;0;83.0258;29.0038;0;0;0;0;0;0;0;0;52.3148;66.0168;43.4438;57.9963;0;0;0;0;0;0;0;0;0;
0;0;0;0;92.1727;0;0;0;0;0;0;0;0;0;0;0;0;0;0;0;0;0;0;0;40.0707;0;0;23.8024;0;18.8948;3.6678;0;0;0;0;0;22.0268;0;0;0;0;0;0;0;0;0;0.609623;0;0;0;18.3822;35.0866;0;0;0;0;0;0;0;57.0295;0;0;0;21.2187;7.38556;
0;0;76.6916;0;0;0;0;0;0;0;46.4101;0;0;0;0;0;0;0;0;0;0;0;0;0;0;0;59.3244;0;0;43.3037;40.002;0;0;0;0;6.4722;23.4792;0;0;0;0;29.8915;3.06157;0;0;3.71261;69.666;0;0;0;41.3723;0;0;0;0;0;0;0;0;40.2771;0;52.6158;0;0;0;
3.54194;0;0;1.94166;37.8287;0;0;0;0;0;0;0;0;0;0;0;0;0;0;0;0;0;0;0;0;23.5291;0;0;136.755;0;17.7389;0;0;0;0;0;0;0;0;0;0;0;0;0;0;12.5598;0;0;0;0;0;30.962;22.1005;0;0;0;0;0;0;0;0;0;0;55.1966;23.9379;
0;0;24.1625;0;0;31.8617;0;0;0;0;0;0;0;0;0;0;0;0;0;0;0;0;0;0;35.6237;67.9983;0;14.0339;0;0;2.24584;0;0;94.2315;0;0;0;0;0;0;0;0;0;0;0;0;0;0;0;0;0;0;3.22922;0;0;0;0;0;0;0;55.5423;0;29.4917;0;0;
0;69.6378;26.582;0;0;0;56.8237;0;0;0;0;0;0;0;0;0;0;0;0;0;0;0;0;0;27.7258;0;0;0;0;0;0;0;0;0;0;0;0;0;0;0;0;0;0;0;0;0;0;0;18.87;0;0;0;0;0;0;0;0;0;0;0;0;0;0;0;42.8543;
0;2.95271;26.5781;0;0;0;0;0;15.055;0;0;0;0;0;0;0;0;0;0;0;0;0;0;0;0;0;0;0;0;0;0;0;0;0;0;0;0;0;0;0;0;0;0;0;0;0;0;0;0;0;0;0;0;0;0;0;0;0;0;0;0;7.18579;0;8.13264;0;
0;0;70.5812;0;0;0;0;0;0;0;0;0;0;0;0;0;0;0;0;0;0;0;0;0;0;0;0;115.673;0;0;0;0;0;0;0;0;0;14.6372;0;0;0;0;0;0;0;0;0;0;39.0308;0;0;0;0;0;0;0;0;0;0;0;0;0;0;0;0;
0;0;0;0;0;0;0;0;0;0;0;0;0;0;0;0;0;0;0;0;0;0;0;0;0;0;0;0;0;0;0;0;0;0;0;0;0;0;0;0;0;0;0;0;0;0;0;0;0;0;0;0;0;0;0;0;0;0;0;0;0;0;0;0;0;
0;0;0;0;0;0;0;0;0;0;0;0;0;0;0;0;0;0;0;0;0;0;0;0;0;0;0;0;0;0;0;0;0;0;0;0;0;0;0;0;0;0;0;0;0;0;0;0;0;0;0;0;0;0;0;0;0;0;0;0;0;0;0;0;0;
