    2.69648e+01;    2.56734e+01;    2.94540e+01;    3.24386e+01;    3.05473e+01;    3.25732e+01;    2.42793e+01;    2.15222e+01;    2.64324e+01;    2.86853e+01;    2.77486e+01;    2.41281e+01;    2.43299e+01;    2.72433e+01;    2.05986e+01;    2.48519e+01;    2.23514e+01;    2.46597e+01;    2.59805e+01;    3.37631e+01;    2.42814e+01;    2.40091e+01;    2.34121e+01;    2.80543e+01;    2.10772e+01;    2.08453e+01;    2.11973e+01;    2.43553e+01;    2.58697e+01;    2.30464e+01;    2.84336e+01;    3.00314e+01;    3.26816e+01;    3.55412e+01;    3.37780e+01;    2.92813e+01;    3.35429e+01;    3.44559e+01;    3.29578e+01;    3.88957e+01;    3.68099e+01;    3.48691e+01;    4.18213e+01;    4.72513e+01;    4.42827e+01;    4.53411e+01;    4.44540e+01;    3.95498e+01;    4.05345e+01;    3.26607e+01;    3.26976e+01;    3.46726e+01;    3.63793e+01;    3.12083e+01;    2.74131e+01;    2.94831e+01;    3.00132e+01;    2.95844e+01;    2.98389e+01;    3.32278e+01;    3.37328e+01;    3.34019e+01;    3.92129e+01;    2.71317e+01;    2.69648e+01
    2.80424e+01;    3.04980e+01;    2.45088e+01;    2.74298e+01;    2.99056e+01;    3.17228e+01;    2.86222e+01;    2.61569e+01;    2.50258e+01;    2.75116e+01;    3.01546e+01;    2.81029e+01;    2.44324e+01;    2.69397e+01;    1.93661e+01;    2.70502e+01;    2.04007e+01;    2.11853e+01;    2.60102e+01;    2.93553e+01;    2.57522e+01;    3.00331e+01;    2.47720e+01;    2.77739e+01;    2.13999e+01;    2.06463e+01;    2.11256e+01;    1.87186e+01;    2.59625e+01;    2.14393e+01;    2.60870e+01;    2.87658e+01;    2.73839e+01;    2.86440e+01;    3.15426e+01;    3.50751e+01;    3.16644e+01;    2.95663e+01;    3.81995e+01;    4.05551e+01;    3.65792e+01;    3.86656e+01;    4.24825e+01;    5.14467e+01;    4.63195e+01;    4.34802e+01;    4.46201e+01;    3.82859e+01;    3.50075e+01;    3.49488e+01;    3.62692e+01;    3.51243e+01;    3.07404e+01;    3.10014e+01;    3.21019e+01;    3.13475e+01;    2.37451e+01;    3.36222e+01;    3.25695e+01;    3.54996e+01;    3.07549e+01;    3.44456e+01;    3.66916e+01;    2.36926e+01;    2.70395e+01
    2.94303e+01;    2.48364e+01;    2.69529e+01;    2.65063e+01;    3.33780e+01;    3.09619e+01;    2.51508e+01;    2.92007e+01;    2.63539e+01;    2.24404e+01;    2.44532e+01;    2.61697e+01;    2.29898e+01;    2.25633e+01;    2.44819e+01;    2.35587e+01;    2.26003e+01;    1.87605e+01;    2.34939e+01;    2.84663e+01;    2.65002e+01;    2.63099e+01;    3.05852e+01;    3.00094e+01;    2.15708e+01;    2.36457e+01;    1.76997e+01;    1.90920e+01;    2.45239e+01;    2.44231e+01;    2.62800e+01;    2.51857e+01;    3.08555e+01;    2.83014e+01;    3.35448e+01;    3.65158e+01;    3.58271e+01;    3.84119e+01;    4.49564e+01;    4.45219e+01;    4.20721e+01;    4.25587e+01;    4.60345e+01;    4.96589e+01;    4.87494e+01;    4.30569e+01;    4.14420e+01;    3.49359e+01;    3.40493e+01;    3.10787e+01;    3.56395e+01;    3.31645e+01;    3.35108e+01;    2.72369e+01;    2.90651e+01;    2.70800e+01;    2.66528e+01;    3.15824e+01;    2.95416e+01;    2.75014e+01;    2.58705e+01;    3.31615e+01;    3.22220e+01;    2.99655e+01;    2.82478e+01
    2.96949e+01;    2.78419e+01;    3.12216e+01;    3.19473e+01;    3.53763e+01;    3.08552e+01;    3.22899e+01;    3.06600e+01;    2.80387e+01;    2.96180e+01;    2.54898e+01;    2.57862e+01;    2.60534e+01;    1.66368e+01;    2.35053e+01;    2.76494e+01;    1.85621e+01;    2.21507e+01;    2.45347e+01;    2.27002e+01;    2.58274e+01;    2.70768e+01;    1.89816e+01;    1.88075e+01;    1.71225e+01;    2.05093e+01;    2.25640e+01;    2.10133e+01;    3.03127e+01;    2.77522e+01;    3.13868e+01;    2.93095e+01;    3.29823e+01;    3.08288e+01;    3.30191e+01;    3.75634e+01;    2.98173e+01;    4.04568e+01;    4.12244e+01;    4.78118e+01;    4.25969e+01;    4.42284e+01;    4.11570e+01;    4.47849e+01;    4.97083e+01;    4.84916e+01;    3.81471e+01;    4.02264e+01;    3.88691e+01;    3.54774e+01;    3.99122e+01;    3.30368e+01;    3.09189e+01;    2.81893e+01;    2.90323e+01;    2.44650e+01;    2.89764e+01;    3.36617e+01;    3.36201e+01;    2.56158e+01;    2.72214e+01;    2.61484e+01;    3.14891e+01;    3.06979e+01;    2.65190e+01
    3.18272e+01;    2.80845e+01;    3.24478e+01;    2.67146e+01;    2.96288e+01;    2.79668e+01;    2.83573e+01;    2.46891e+01;    2.86195e+01;    3.16961e+01;    2.62268e+01;    2.31263e+01;    2.27974e+01;    1.92705e+01;    2.33946e+01;    2.78279e+01;    2.49846e+01;    2.63769e+01;    2.34717e+01;    2.89514e+01;    2.63268e+01;    2.43697e+01;    2.02662e+01;    2.09454e+01;    2.02040e+01;    2.44173e+01;    2.38335e+01;    2.22262e+01;    2.38992e+01;    3.01506e+01;    3.13423e+01;    3.53309e+01;    3.22843e+01;    3.59146e+01;    3.75262e+01;    3.91315e+01;    4.13808e+01;    3.93175e+01;    4.32412e+01;    4.62034e+01;    4.57218e+01;    4.23149e+01;    4.21915e+01;    4.54576e+01;    4.51618e+01;    4.53505e+01;    3.71236e+01;    4.33615e+01;    3.94722e+01;    3.51482e+01;    3.12491e+01;    3.49789e+01;    3.46435e+01;    3.25568e+01;    2.43020e+01;    3.14728e+01;    2.87823e+01;    3.50715e+01;    3.56751e+01;    3.52425e+01;    3.15970e+01;    3.21854e+01;    3.04133e+01;    2.79137e+01;    2.32602e+01
    2.82426e+01;    2.35782e+01;    3.28134e+01;    2.89182e+01;    2.93808e+01;    3.04207e+01;    3.25864e+01;    3.14558e+01;    3.07695e+01;    2.88486e+01;    3.30694e+01;    2.23164e+01;    2.72332e+01;    2.17747e+01;    2.86869e+01;    2.24144e+01;    2.51500e+01;    2.21908e+01;    3.02836e+01;    2.75371e+01;    2.73601e+01;    2.54269e+01;    2.21933e+01;    2.56543e+01;    2.36248e+01;    2.71537e+01;    3.46663e+01;    2.79936e+01;    2.77521e+01;    3.48386e+01;    3.45768e+01;    3.58417e+01;    3.69271e+01;    3.68406e+01;    3.86920e+01;    4.20431e+01;    4.79023e+01;    4.20272e+01;    4.19495e+01;    4.04967e+01;    4.06732e+01;    4.23882e+01;    4.47629e+01;    4.76599e+01;    4.14085e+01;    4.17768e+01;    3.45734e+01;    4.08736e+01;    3.57748e+01;    3.46193e+01;    3.35962e+01;    3.46069e+01;    3.32064e+01;    3.15913e+01;    3.16007e+01;    3.13209e+01;    3.53222e+01;    3.17119e+01;    4.03938e+01;    3.49342e+01;    3.97005e+01;    3.92685e+01;    3.23783e+01;    2.29424e+01;    2.68932e+01
    3.10581e+01;    3.03309e+01;    3.26577e+01;    3.20773e+01;    2.72282e+01;    2.92805e+01;    3.03249e+01;    3.44849e+01;    3.28892e+01;    3.32520e+01;    3.50293e+01;    2.94491e+01;    3.51420e+01;    2.84252e+01;    2.54897e+01;    2.10102e+01;    2.36398e+01;    2.26142e+01;    2.06193e+01;    2.53804e+01;    2.90839e+01;    2.62781e+01;    3.13565e+01;    2.93232e+01;    2.70743e+01;    3.34757e+01;    3.16450e+01;    2.39630e+01;    2.88206e+01;    2.77282e+01;    3.55545e+01;    3.48558e+01;    3.85429e+01;    3.19614e+01;    4.09988e+01;    3.87464e+01;    4.06526e+01;    4.11426e+01;    4.40418e+01;    4.59049e+01;    4.30855e+01;    4.29916e+01;    4.70943e+01;    4.55062e+01;    4.38860e+01;    4.12016e+01;    3.57066e+01;    3.76674e+01;    3.84184e+01;    3.95574e+01;    3.70860e+01;    3.55394e+01;    3.44339e+01;    3.69323e+01;    3.93619e+01;    3.87016e+01;    4.05510e+01;    3.88521e+01;    3.66214e+01;    3.44271e+01;    3.83399e+01;    3.91513e+01;    2.82938e+01;    1.99673e+01;    2.33393e+01
    3.28296e+01;    2.75001e+01;    2.76944e+01;    2.60588e+01;    3.01866e+01;    3.08741e+01;    3.29117e+01;    2.78150e+01;    3.04249e+01;    3.63481e+01;    3.35749e+01;    3.66997e+01;    3.21684e+01;    3.01136e+01;    2.65839e+01;    2.60054e+01;    2.26624e+01;    2.43079e+01;    2.27795e+01;    2.19491e+01;    2.80920e+01;    2.36961e+01;    3.24152e+01;    2.67958e+01;    2.62666e+01;    3.36288e+01;    3.25541e+01;    2.84828e+01;    3.03088e+01;    3.57118e+01;    3.72377e+01;    2.81862e+01;    3.03695e+01;    3.39361e+01;    4.03454e+01;    3.95681e+01;    3.97156e+01;    3.83624e+01;    4.27998e+01;    4.21303e+01;    4.33527e+01;    4.65391e+01;    4.55196e+01;    4.43011e+01;    4.02259e+01;    4.13193e+01;    3.56764e+01;    3.35277e+01;    3.73628e+01;    3.66352e+01;    3.55444e+01;    3.00875e+01;    3.99254e+01;    4.36285e+01;    4.26099e+01;    3.55027e+01;    4.04173e+01;    3.66128e+01;    3.86056e+01;    4.08629e+01;    3.95679e+01;    3.29502e+01;    2.72393e+01;    2.73621e+01;    2.55632e+01
    2.68868e+01;    2.61657e+01;    3.16515e+01;    2.43684e+01;    3.25835e+01;    3.55778e+01;    3.80029e+01;    3.28380e+01;    3.21106e+01;    3.34712e+01;    4.00469e+01;    3.52449e+01;    3.06946e+01;    2.78028e+01;    2.48677e+01;    2.83461e+01;    2.84551e+01;    2.45074e+01;    2.19450e+01;    1.70963e+01;    1.55165e+01;    2.52715e+01;    2.23861e+01;    2.50556e+01;    2.87058e+01;    3.11833e+01;    3.20657e+01;    3.52203e+01;    3.14915e+01;    3.87172e+01;    3.85221e+01;    2.91422e+01;    3.17776e+01;    3.25148e+01;    3.61747e+01;    4.27189e+01;    4.52512e+01;    4.16997e+01;    4.11211e+01;    4.11388e+01;    4.60877e+01;    4.00146e+01;    4.43841e+01;    4.74007e+01;    4.46805e+01;    3.76818e+01;    3.79498e+01;    3.63379e+01;    3.75510e+01;    3.46664e+01;    3.35308e+01;    3.83937e+01;    3.52064e+01;    4.51941e+01;    4.55984e+01;    4.39889e+01;    4.24571e+01;    3.37062e+01;    3.59734e+01;    3.61683e+01;    3.61222e+01;    2.98205e+01;    3.13512e+01;    2.81160e+01;    2.88463e+01
    2.84436e+01;    2.90101e+01;    3.06621e+01;    3.16710e+01;    3.53846e+01;    4.16366e+01;    3.56673e+01;    3.40832e+01;    3.43716e+01;    3.04153e+01;    3.69081e+01;    3.42488e+01;    3.34072e+01;    3.19573e+01;    2.36249e+01;    2.77349e+01;    2.85484e+01;    2.88188e+01;    1.84635e+01;    1.91750e+01;    1.69693e+01;    2.04896e+01;    2.18785e+01;    2.79381e+01;    2.93030e+01;    3.86689e+01;    3.65920e+01;    3.34744e+01;    4.21588e+01;    4.13782e+01;    4.27883e+01;    4.28801e+01;    3.90317e+01;    3.61802e+01;    3.19842e+01;    4.03322e+01;    4.13322e+01;    4.34973e+01;    4.25207e+01;    4.19169e+01;    4.22485e+01;    3.84532e+01;    4.25692e+01;    4.01188e+01;    4.09633e+01;    3.91650e+01;    3.37852e+01;    3.97047e+01;    3.72675e+01;    3.82990e+01;    3.06354e+01;    4.10318e+01;    4.29548e+01;    4.18196e+01;    3.67861e+01;    3.73780e+01;    3.19147e+01;    3.14366e+01;    3.02609e+01;    3.12658e+01;    3.89691e+01;    3.19164e+01;    3.35141e+01;    3.27291e+01;    3.29264e+01
    3.34617e+01;    3.00123e+01;    3.34557e+01;    4.04327e+01;    3.48989e+01;    3.80097e+01;    3.39487e+01;    3.67607e+01;    3.52588e+01;    3.39491e+01;    3.40957e+01;    3.73958e+01;    3.36234e+01;    2.50066e+01;    2.33935e+01;    2.37243e+01;    3.08433e+01;    3.06168e+01;    1.77013e+01;    1.57361e+01;    9.28475e+00;    1.59062e+01;    2.09509e+01;    2.65900e+01;    2.89306e+01;    3.68046e+01;    3.80549e+01;    4.19572e+01;    4.51163e+01;    3.90052e+01;    4.13041e+01;    4.66476e+01;    4.52773e+01;    3.41868e+01;    3.82264e+01;    3.41200e+01;    4.04459e+01;    4.23963e+01;    4.24669e+01;    4.01570e+01;    3.68832e+01;    3.55203e+01;    4.02490e+01;    4.21032e+01;    4.07130e+01;    3.30124e+01;    3.92238e+01;    4.04626e+01;    4.24127e+01;    3.38513e+01;    3.79019e+01;    3.88749e+01;    4.20679e+01;    3.85321e+01;    3.80748e+01;    3.45915e+01;    2.99309e+01;    2.90392e+01;    3.14644e+01;    3.21285e+01;    3.23659e+01;    3.71658e+01;    3.43267e+01;    3.58569e+01;    2.79288e+01
    3.22015e+01;    2.90344e+01;    3.72129e+01;    3.38352e+01;    3.18099e+01;    3.88078e+01;    3.95699e+01;    3.70845e+01;    3.04839e+01;    3.06939e+01;    3.26819e+01;    3.20484e+01;    2.73298e+01;    2.86268e+01;    2.02561e+01;    2.38214e+01;    2.88505e+01;    2.16130e+01;    1.82646e+01;    1.78156e+01;    1.82376e+01;    2.26482e+01;    2.37135e+01;    2.81437e+01;    2.95780e+01;    3.67772e+01;    3.84330e+01;    4.41204e+01;    4.22816e+01;    4.55061e+01;    5.07332e+01;    4.65230e+01;    4.45693e+01;    3.96136e+01;    3.47211e+01;    3.60260e+01;    3.62961e+01;    3.39000e+01;    3.06122e+01;    2.86352e+01;    3.66737e+01;    3.74677e+01;    3.87303e+01;    3.82849e+01;    3.61177e+01;    3.52302e+01;    3.21233e+01;    3.94927e+01;    3.23661e+01;    3.20285e+01;    3.30905e+01;    3.69547e+01;    3.48764e+01;    3.99513e+01;    3.88217e+01;    2.96145e+01;    2.71386e+01;    2.69320e+01;    2.85197e+01;    2.76626e+01;    3.17619e+01;    3.25034e+01;    3.31416e+01;    3.38976e+01;    2.31849e+01
    3.75825e+01;    3.80235e+01;    3.59543e+01;    3.51948e+01;    4.02620e+01;    3.47662e+01;    3.67442e+01;    3.91680e+01;    3.31349e+01;    2.72684e+01;    2.89603e+01;    2.58267e+01;    2.71273e+01;    2.67537e+01;    2.41602e+01;    2.29005e+01;    2.45200e+01;    1.73418e+01;    2.44514e+01;    2.17702e+01;    2.19545e+01;    2.25555e+01;    2.17917e+01;    3.03545e+01;    3.37515e+01;    3.12473e+01;    4.35104e+01;    4.59959e+01;    3.60341e+01;    4.46915e+01;    4.20441e+01;    3.99222e+01;    4.28086e+01;    3.76329e+01;    3.76752e+01;    4.60229e+01;    3.76190e+01;    3.81437e+01;    3.30248e+01;    3.15744e+01;    3.61409e+01;    2.87121e+01;    2.78611e+01;    3.47647e+01;    3.13629e+01;    3.18762e+01;    3.29624e+01;    3.21669e+01;    2.95630e+01;    3.18133e+01;    3.11896e+01;    3.50827e+01;    3.36213e+01;    3.03185e+01;    3.65584e+01;    3.00834e+01;    2.25503e+01;    1.69237e+01;    2.18955e+01;    2.35828e+01;    2.85296e+01;    3.31818e+01;    3.56548e+01;    3.34235e+01;    3.26224e+01
    3.15391e+01;    3.36980e+01;    3.67298e+01;    4.24024e+01;    4.16348e+01;    3.81950e+01;    3.09361e+01;    3.54424e+01;    3.93649e+01;    3.42041e+01;    3.03427e+01;    2.98767e+01;    2.87534e+01;    2.88858e+01;    2.36315e+01;    1.81237e+01;    2.57119e+01;    2.45685e+01;    2.14308e+01;    2.05497e+01;    1.97347e+01;    2.16619e+01;    2.20020e+01;    3.06824e+01;    2.90068e+01;    3.56423e+01;    4.21577e+01;    3.97730e+01;    3.67803e+01;    3.93935e+01;    3.82620e+01;    4.17769e+01;    3.91612e+01;    3.52921e+01;    3.42568e+01;    4.23600e+01;    3.98380e+01;    3.61768e+01;    3.44303e+01;    3.21310e+01;    2.76897e+01;    3.33351e+01;    2.58219e+01;    2.90005e+01;    3.14742e+01;    2.57993e+01;    3.05189e+01;    2.96321e+01;    2.69825e+01;    2.93507e+01;    3.75098e+01;    3.51418e+01;    2.96497e+01;    2.61289e+01;    2.51910e+01;    2.52567e+01;    1.53367e+01;    1.79346e+01;    1.54873e+01;    2.43618e+01;    2.62074e+01;    2.90670e+01;    3.05980e+01;    2.61800e+01;    2.47459e+01
    3.35274e+01;    3.83906e+01;    3.73762e+01;    4.02813e+01;    4.14363e+01;    3.56561e+01;    2.76336e+01;    3.16596e+01;    2.97105e+01;    3.43527e+01;    3.56220e+01;    3.29618e+01;    2.71424e+01;    2.71118e+01;    2.49050e+01;    2.42618e+01;    2.86159e+01;    2.78512e+01;    2.50939e+01;    2.87888e+01;    2.21260e+01;    2.41853e+01;    2.71785e+01;    3.11493e+01;    2.51019e+01;    3.47055e+01;    3.58592e+01;    3.12833e+01;    3.21874e+01;    4.11206e+01;    4.05327e+01;    4.09538e+01;    3.90102e+01;    3.47138e+01;    3.43608e+01;    3.95362e+01;    3.59113e+01;    3.15857e+01;    3.42975e+01;    3.26775e+01;    2.96424e+01;    2.81849e+01;    2.67455e+01;    2.69264e+01;    3.24989e+01;    3.08887e+01;    2.62021e+01;    3.07802e+01;    3.14464e+01;    3.41621e+01;    3.49903e+01;    3.22343e+01;    2.62506e+01;    2.59598e+01;    2.31861e+01;    1.71487e+01;    1.54403e+01;    2.42078e+01;    1.99296e+01;    1.78225e+01;    2.28681e+01;    2.90956e+01;    2.71760e+01;    3.08583e+01;    2.84851e+01
    3.55662e+01;    3.68447e+01;    3.52238e+01;    3.20841e+01;    4.14048e+01;    3.73952e+01;    2.52744e+01;    2.62678e+01;    2.19938e+01;    2.42693e+01;    2.40190e+01;    2.75548e+01;    2.89904e+01;    2.97368e+01;    2.81654e+01;    2.57624e+01;    2.83601e+01;    2.73484e+01;    2.65041e+01;    2.47613e+01;    3.18415e+01;    2.43631e+01;    3.03406e+01;    2.42718e+01;    3.06402e+01;    3.17301e+01;    2.92594e+01;    3.22050e+01;    3.66613e+01;    4.80251e+01;    3.89949e+01;    3.67289e+01;    3.28864e+01;    3.58845e+01;    3.78535e+01;    3.85274e+01;    3.18015e+01;    3.19850e+01;    3.86613e+01;    3.96678e+01;    2.92007e+01;    3.05089e+01;    2.85396e+01;    2.48385e+01;    2.97280e+01;    3.48532e+01;    2.82940e+01;    3.10231e+01;    2.96228e+01;    3.55072e+01;    3.75196e+01;    2.92683e+01;    2.36029e+01;    1.83478e+01;    1.01218e+01;    1.68426e+01;    1.57821e+01;    1.87783e+01;    1.94999e+01;    1.61748e+01;    2.65698e+01;    2.84030e+01;    2.50484e+01;    2.36495e+01;    2.60656e+01
    3.48178e+01;    3.70306e+01;    3.45313e+01;    2.90772e+01;    3.18547e+01;    3.09367e+01;    2.85329e+01;    2.49855e+01;    2.43114e+01;    2.28669e+01;    2.75778e+01;    2.75470e+01;    2.71151e+01;    2.78714e+01;    3.12245e+01;    2.22746e+01;    2.36477e+01;    2.91453e+01;    2.73300e+01;    2.60405e+01;    2.58040e+01;    2.71820e+01;    2.90400e+01;    2.66570e+01;    2.51253e+01;    2.89763e+01;    3.40803e+01;    3.37609e+01;    3.78069e+01;    4.29648e+01;    4.24086e+01;    4.51857e+01;    3.84348e+01;    3.78950e+01;    3.13152e+01;    2.75598e+01;    2.72664e+01;    3.26282e+01;    3.66982e+01;    3.26107e+01;    3.35586e+01;    3.71740e+01;    3.37044e+01;    3.27973e+01;    2.77806e+01;    3.72059e+01;    3.61261e+01;    3.17083e+01;    3.53537e+01;    3.08772e+01;    2.83868e+01;    2.50354e+01;    2.96597e+01;    2.52185e+01;    1.62637e+01;    1.68454e+01;    1.36532e+01;    1.74552e+01;    1.99170e+01;    2.55018e+01;    2.31553e+01;    1.98094e+01;    2.56005e+01;    2.68488e+01;    2.92242e+01
    3.82609e+01;    3.24181e+01;    3.34631e+01;    3.06301e+01;    3.31690e+01;    3.01799e+01;    2.94068e+01;    3.16103e+01;    2.84628e+01;    2.84110e+01;    2.53517e+01;    3.22605e+01;    3.10408e+01;    2.86613e+01;    2.58151e+01;    2.79034e+01;    2.81700e+01;    3.07577e+01;    2.87915e+01;    3.12076e+01;    3.02312e+01;    2.68736e+01;    2.73093e+01;    2.49054e+01;    2.70104e+01;    2.95229e+01;    3.07458e+01;    2.81242e+01;    3.72867e+01;    3.72066e+01;    4.50216e+01;    4.34247e+01;    4.60690e+01;    4.52186e+01;    3.89125e+01;    3.38085e+01;    3.04089e+01;    3.41823e+01;    3.61870e+01;    3.31969e+01;    4.15565e+01;    4.24640e+01;    3.70032e+01;    3.11221e+01;    3.24649e+01;    3.08868e+01;    3.20079e+01;    3.72596e+01;    3.45057e+01;    3.29680e+01;    3.48583e+01;    2.99457e+01;    3.27942e+01;    2.53955e+01;    1.55839e+01;    1.77542e+01;    1.24181e+01;    1.61769e+01;    2.02987e+01;    1.94099e+01;    1.64379e+01;    2.12947e+01;    2.24789e+01;    2.60068e+01;    3.07788e+01
    3.64151e+01;    3.09636e+01;    3.03449e+01;    3.64730e+01;    3.30937e+01;    2.79474e+01;    3.00029e+01;    3.29641e+01;    2.91929e+01;    2.97743e+01;    3.01261e+01;    3.51505e+01;    3.51488e+01;    2.86221e+01;    2.25079e+01;    2.18436e+01;    2.12891e+01;    2.80601e+01;    3.42898e+01;    3.50156e+01;    3.28251e+01;    3.14857e+01;    3.00820e+01;    2.88890e+01;    3.06136e+01;    2.59895e+01;    3.01810e+01;    3.29573e+01;    3.59891e+01;    4.12541e+01;    4.49358e+01;    4.20179e+01;    4.04096e+01;    4.27278e+01;    4.25742e+01;    4.14613e+01;    3.32968e+01;    3.83317e+01;    3.13905e+01;    3.32298e+01;    3.67859e+01;    3.55752e+01;    3.49011e+01;    3.69329e+01;    3.14953e+01;    3.65848e+01;    3.69550e+01;    3.89288e+01;    3.18401e+01;    2.71603e+01;    3.09966e+01;    3.03545e+01;    2.76592e+01;    2.39457e+01;    1.99856e+01;    1.83669e+01;    1.74208e+01;    1.11651e+01;    1.67788e+01;    1.73588e+01;    1.77245e+01;    1.88476e+01;    2.47097e+01;    2.61853e+01;    3.27722e+01
    3.57425e+01;    3.07651e+01;    3.37534e+01;    3.49240e+01;    3.31313e+01;    2.86608e+01;    2.64676e+01;    2.58989e+01;    2.93732e+01;    2.82723e+01;    3.13446e+01;    2.86336e+01;    2.73826e+01;    2.98788e+01;    2.97513e+01;    1.89945e+01;    2.30933e+01;    2.69793e+01;    2.90148e+01;    3.38807e+01;    2.72324e+01;    3.56994e+01;    3.08462e+01;    3.18626e+01;    2.90041e+01;    3.31702e+01;    3.36613e+01;    3.01132e+01;    4.18254e+01;    3.88187e+01;    3.45942e+01;    3.62353e+01;    4.01992e+01;    3.68701e+01;    4.33850e+01;    3.70260e+01;    3.75874e+01;    3.41957e+01;    3.60456e+01;    3.15682e+01;    3.68388e+01;    4.12915e+01;    3.28970e+01;    3.59092e+01;    4.09803e+01;    4.09881e+01;    3.86601e+01;    4.23430e+01;    3.60825e+01;    3.30832e+01;    2.77993e+01;    2.71683e+01;    2.75561e+01;    2.47470e+01;    1.91894e+01;    2.13735e+01;    1.75915e+01;    1.02501e+01;    1.53647e+01;    1.19711e+01;    2.31394e+01;    2.40406e+01;    1.94509e+01;    2.10094e+01;    2.64762e+01
    2.90537e+01;    2.31332e+01;    2.83719e+01;    2.74287e+01;    2.70806e+01;    2.87675e+01;    2.51155e+01;    2.10403e+01;    2.59194e+01;    2.64824e+01;    2.93110e+01;    2.95143e+01;    2.55649e+01;    3.23852e+01;    2.76959e+01;    2.30320e+01;    2.30801e+01;    3.32643e+01;    3.34936e+01;    2.83629e+01;    2.52716e+01;    2.99425e+01;    2.86080e+01;    2.92201e+01;    3.08633e+01;    3.23005e+01;    3.16498e+01;    2.57522e+01;    3.92492e+01;    3.66172e+01;    4.29958e+01;    3.79104e+01;    4.06527e+01;    3.82673e+01;    3.68304e+01;    3.71024e+01;    3.83276e+01;    3.78781e+01;    3.08891e+01;    3.80036e+01;    3.80535e+01;    3.48955e+01;    3.35675e+01;    3.56798e+01;    4.04198e+01;    3.45801e+01;    2.88523e+01;    2.72564e+01;    2.80110e+01;    2.89652e+01;    3.04157e+01;    2.82959e+01;    2.51118e+01;    2.48425e+01;    1.56180e+01;    1.59262e+01;    1.18761e+01;    1.19136e+01;    1.12829e+01;    1.27089e+01;    1.94589e+01;    1.88560e+01;    2.20283e+01;    2.44035e+01;    2.38005e+01
    2.73109e+01;    3.14228e+01;    2.35344e+01;    2.73110e+01;    3.51603e+01;    2.85230e+01;    2.85249e+01;    2.42073e+01;    2.60150e+01;    2.45882e+01;    2.92399e+01;    2.09830e+01;    2.56255e+01;    2.71111e+01;    2.48757e+01;    2.22434e+01;    3.03069e+01;    3.07007e+01;    3.24190e+01;    2.49438e+01;    2.37130e+01;    2.75722e+01;    2.92104e+01;    2.60281e+01;    2.68281e+01;    2.69306e+01;    3.11336e+01;    3.17605e+01;    3.51939e+01;    3.87818e+01;    4.56362e+01;    3.95169e+01;    3.46528e+01;    3.72057e+01;    3.96085e+01;    3.62403e+01;    3.81372e+01;    4.18649e+01;    3.71010e+01;    3.37303e+01;    4.14437e+01;    3.50866e+01;    3.52140e+01;    3.78375e+01;    3.37752e+01;    3.42883e+01;    3.11187e+01;    3.64650e+01;    2.91264e+01;    2.89226e+01;    2.71459e+01;    2.59850e+01;    2.38911e+01;    2.02953e+01;    2.04553e+01;    1.82519e+01;    1.96270e+01;    1.37328e+01;    1.74743e+01;    1.32495e+01;    1.35236e+01;    1.90847e+01;    1.90849e+01;    2.53285e+01;    2.72488e+01
    3.30454e+01;    2.99169e+01;    2.70942e+01;    3.10738e+01;    3.94748e+01;    3.21791e+01;    3.27370e+01;    3.00339e+01;    3.06624e+01;    2.95932e+01;    2.91419e+01;    2.28202e+01;    2.58637e+01;    2.77764e+01;    2.57586e+01;    3.20147e+01;    2.87157e+01;    3.65692e+01;    3.26952e+01;    2.84683e+01;    2.82958e+01;    2.78041e+01;    2.71311e+01;    3.10365e+01;    2.70806e+01;    2.96472e+01;    2.83856e+01;    3.23136e+01;    3.38693e+01;    3.55468e+01;    4.24089e+01;    3.32423e+01;    3.09150e+01;    3.14103e+01;    3.27990e+01;    3.55198e+01;    4.11729e+01;    4.12340e+01;    4.26565e+01;    4.28406e+01;    4.26040e+01;    3.53853e+01;    3.34788e+01;    3.28982e+01;    3.18717e+01;    3.19407e+01;    2.97686e+01;    2.85924e+01;    2.51975e+01;    2.59321e+01;    1.75980e+01;    1.70219e+01;    1.85816e+01;    2.56946e+01;    2.38383e+01;    1.55639e+01;    1.02496e+01;    6.98805e+00;    8.11510e+00;    1.32212e+01;    1.44482e+01;    1.47683e+01;    1.80701e+01;    2.36783e+01;    2.71455e+01
    3.64301e+01;    2.89718e+01;    2.76499e+01;    3.30940e+01;    3.76743e+01;    3.48559e+01;    3.32091e+01;    3.64883e+01;    3.42696e+01;    3.38627e+01;    3.20628e+01;    3.09392e+01;    3.18945e+01;    3.05030e+01;    3.14885e+01;    4.03967e+01;    3.63993e+01;    3.73139e+01;    3.01002e+01;    2.92097e+01;    2.97208e+01;    2.61192e+01;    3.25972e+01;    3.15522e+01;    2.79214e+01;    2.85087e+01;    3.26599e+01;    3.66365e+01;    3.40104e+01;    3.59359e+01;    3.24989e+01;    2.78639e+01;    2.93952e+01;    3.13345e+01;    3.40864e+01;    4.33510e+01;    3.77999e+01;    3.81620e+01;    3.76859e+01;    4.50847e+01;    4.35731e+01;    3.30826e+01;    3.29023e+01;    3.40484e+01;    3.52724e+01;    3.17374e+01;    3.24376e+01;    2.20789e+01;    2.26484e+01;    2.86515e+01;    2.30294e+01;    1.91786e+01;    1.56938e+01;    1.63145e+01;    1.33157e+01;    1.46026e+01;    1.29115e+01;    8.16013e+00;    1.28009e+01;    1.18247e+01;    1.66763e+01;    1.81154e+01;    2.05036e+01;    1.71541e+01;    2.24525e+01
    3.89422e+01;    2.96363e+01;    2.55838e+01;    2.88219e+01;    3.02579e+01;    2.76825e+01;    3.09167e+01;    3.70753e+01;    3.56021e+01;    3.18968e+01;    2.72801e+01;    2.76707e+01;    2.87931e+01;    2.83315e+01;    3.21564e+01;    3.24283e+01;    3.64716e+01;    3.78595e+01;    3.10858e+01;    2.58364e+01;    2.85228e+01;    2.78255e+01;    3.20426e+01;    3.07663e+01;    2.86914e+01;    2.66819e+01;    2.95614e+01;    3.52100e+01;    3.21236e+01;    3.37450e+01;    3.51972e+01;    3.37463e+01;    3.34548e+01;    3.10776e+01;    3.11567e+01;    3.28077e+01;    3.49540e+01;    3.76040e+01;    3.57867e+01;    3.83061e+01;    3.59970e+01;    3.62106e+01;    3.02458e+01;    3.79348e+01;    3.34737e+01;    3.16000e+01;    3.24101e+01;    2.77277e+01;    2.85571e+01;    2.46885e+01;    2.74625e+01;    2.33641e+01;    1.55101e+01;    9.59651e+00;    1.59902e+01;    1.41412e+01;    1.16484e+01;    6.28583e+00;    1.10605e+01;    1.15992e+01;    1.15937e+01;    1.82925e+01;    1.70573e+01;    1.88509e+01;    2.21282e+01
    4.01346e+01;    3.88285e+01;    3.27712e+01;    2.91926e+01;    3.17810e+01;    3.39982e+01;    3.53030e+01;    3.54571e+01;    3.09840e+01;    2.88690e+01;    3.37316e+01;    3.21305e+01;    2.99417e+01;    3.68624e+01;    3.39574e+01;    3.95852e+01;    3.60061e+01;    3.59288e+01;    2.91379e+01;    3.45480e+01;    2.80039e+01;    2.88738e+01;    3.51614e+01;    3.55768e+01;    3.65804e+01;    2.91984e+01;    3.12753e+01;    2.91390e+01;    2.93078e+01;    3.26373e+01;    3.29592e+01;    3.16695e+01;    2.92056e+01;    3.08812e+01;    2.80332e+01;    3.01541e+01;    2.92061e+01;    2.99209e+01;    3.42058e+01;    3.28941e+01;    3.47773e+01;    3.47848e+01;    3.05464e+01;    3.35007e+01;    3.34865e+01;    2.84788e+01;    2.69614e+01;    2.83507e+01;    2.31405e+01;    2.41229e+01;    2.23408e+01;    1.58897e+01;    1.22587e+01;    7.57332e+00;    1.43537e+01;    1.38985e+01;    7.94217e+00;    8.05425e+00;    6.19910e+00;    1.28615e+01;    1.39138e+01;    2.03879e+01;    1.92663e+01;    1.49154e+01;    1.50829e+01
    3.93427e+01;    3.49052e+01;    3.51549e+01;    2.65597e+01;    3.07822e+01;    3.84167e+01;    3.64603e+01;    3.49261e+01;    3.65389e+01;    3.56681e+01;    3.54300e+01;    3.53230e+01;    4.14351e+01;    4.22329e+01;    3.89000e+01;    4.12298e+01;    3.99043e+01;    3.44045e+01;    3.01089e+01;    3.64049e+01;    3.59583e+01;    3.76691e+01;    3.70926e+01;    4.06215e+01;    3.51220e+01;    3.22220e+01;    2.96088e+01;    2.94147e+01;    2.85811e+01;    3.53692e+01;    3.32050e+01;    2.88068e+01;    2.69371e+01;    2.69300e+01;    2.95455e+01;    3.12912e+01;    2.70734e+01;    3.15212e+01;    2.83490e+01;    2.57014e+01;    3.39004e+01;    3.20564e+01;    3.00895e+01;    3.20984e+01;    3.16931e+01;    2.51525e+01;    1.82368e+01;    2.54750e+01;    1.62308e+01;    1.98913e+01;    2.41945e+01;    1.80366e+01;    1.02428e+01;    8.84812e+00;    1.17971e+01;    7.32809e+00;    7.49216e+00;    1.47222e+01;    9.64376e+00;    1.35449e+01;    1.61309e+01;    1.56561e+01;    1.57053e+01;    1.62179e+01;    1.52118e+01
    4.30171e+01;    3.87525e+01;    3.52065e+01;    2.87870e+01;    3.53993e+01;    3.58357e+01;    4.21321e+01;    4.12743e+01;    4.51255e+01;    3.45701e+01;    3.81810e+01;    3.59361e+01;    3.90265e+01;    4.26131e+01;    3.32569e+01;    3.56630e+01;    3.40317e+01;    3.07726e+01;    2.82957e+01;    3.06517e+01;    3.22002e+01;    3.20633e+01;    3.30735e+01;    3.08961e+01;    2.98264e+01;    3.23385e+01;    3.34359e+01;    3.32649e+01;    3.70288e+01;    3.26729e+01;    2.77565e+01;    3.08984e+01;    3.32680e+01;    2.87024e+01;    2.74440e+01;    3.25390e+01;    2.70174e+01;    3.26228e+01;    3.14288e+01;    2.85365e+01;    3.07596e+01;    2.98527e+01;    3.18561e+01;    2.82208e+01;    3.46207e+01;    2.44434e+01;    2.31813e+01;    1.58851e+01;    1.48264e+01;    1.19142e+01;    1.57317e+01;    1.66828e+01;    1.92413e+01;    1.64436e+01;    1.33307e+01;    1.33988e+01;    5.26985e+00;    7.56993e+00;    1.06812e+01;    6.98565e+00;    1.25969e+01;    1.74362e+01;    1.40209e+01;    1.61973e+01;    8.14136e+00
    4.01586e+01;    4.32896e+01;    3.90257e+01;    3.94699e+01;    4.13478e+01;    4.00802e+01;    3.91900e+01;    4.14010e+01;    4.50258e+01;    4.10587e+01;    3.63107e+01;    3.91762e+01;    4.29646e+01;    3.86940e+01;    3.70796e+01;    3.40866e+01;    3.28904e+01;    3.45798e+01;    3.51478e+01;    3.63634e+01;    3.81474e+01;    3.55512e+01;    3.02560e+01;    3.03543e+01;    3.60130e+01;    3.51118e+01;    3.82861e+01;    2.98704e+01;    3.04598e+01;    3.06563e+01;    2.94700e+01;    2.87047e+01;    2.59471e+01;    2.18017e+01;    3.27265e+01;    3.08680e+01;    3.31620e+01;    4.02588e+01;    3.73204e+01;    3.26609e+01;    4.05931e+01;    3.48196e+01;    3.36098e+01;    2.99584e+01;    3.35225e+01;    2.94765e+01;    2.31127e+01;    9.00051e+00;    8.78208e+00;    8.48135e+00;    1.45972e+01;    1.93369e+01;    1.71203e+01;    1.58403e+01;    1.65819e+01;    1.05522e+01;    1.02257e+01;    8.45691e+00;    8.09989e+00;    1.42886e+01;    1.10459e+01;    9.77763e+00;    1.24804e+01;    1.25370e+01;    1.23117e+01
    3.96143e+01;    3.75220e+01;    3.94572e+01;    4.34814e+01;    3.77236e+01;    3.77270e+01;    3.95193e+01;    3.90741e+01;    3.98703e+01;    3.83822e+01;    4.08576e+01;    4.50089e+01;    4.11071e+01;    3.57409e+01;    4.04232e+01;    4.28403e+01;    4.47591e+01;    4.16016e+01;    3.91040e+01;    3.80825e+01;    3.86580e+01;    3.35684e+01;    3.20377e+01;    2.87450e+01;    2.75202e+01;    3.14947e+01;    3.63182e+01;    3.41477e+01;    2.77903e+01;    2.57471e+01;    2.69972e+01;    2.64690e+01;    2.44453e+01;    2.63820e+01;    3.01897e+01;    3.14173e+01;    3.02054e+01;    3.78770e+01;    3.32622e+01;    3.36957e+01;    3.69435e+01;    3.76444e+01;    3.25256e+01;    3.00128e+01;    3.03879e+01;    2.66965e+01;    2.19714e+01;    1.70838e+01;    1.45469e+01;    1.00537e+01;    1.50698e+01;    2.00057e+01;    2.07528e+01;    1.37843e+01;    1.93899e+01;    1.60216e+01;    1.51960e+01;    8.56176e+00;    8.58837e+00;    1.32927e+01;    1.57906e+01;    1.32825e+01;    1.00920e+01;    9.82803e+00;    1.79162e+01
    3.83879e+01;    3.22802e+01;    3.57264e+01;    3.57681e+01;    3.65206e+01;    3.92402e+01;    3.70196e+01;    3.61960e+01;    3.95202e+01;    4.44687e+01;    4.08202e+01;    4.23148e+01;    4.00540e+01;    3.83920e+01;    4.08103e+01;    4.31857e+01;    4.42185e+01;    3.36192e+01;    3.99278e+01;    4.10275e+01;    4.09392e+01;    3.28327e+01;    3.43703e+01;    2.83400e+01;    3.45069e+01;    3.85124e+01;    3.87603e+01;    3.58876e+01;    3.35301e+01;    3.48072e+01;    2.79076e+01;    2.77218e+01;    2.51997e+01;    1.97527e+01;    3.12272e+01;    3.66483e+01;    2.84207e+01;    3.22133e+01;    3.82251e+01;    3.34434e+01;    2.97696e+01;    3.11003e+01;    3.63982e+01;    2.84063e+01;    2.53465e+01;    2.12270e+01;    2.08428e+01;    1.56580e+01;    1.20445e+01;    1.41207e+01;    1.65056e+01;    1.37048e+01;    1.69301e+01;    1.28903e+01;    1.99556e+01;    1.75065e+01;    1.21713e+01;    1.29583e+01;    1.23542e+01;    4.54152e+00;    5.90541e+00;    9.00556e+00;    1.28921e+01;    9.07947e+00;    1.30413e+01
    3.00329e+01;    2.97375e+01;    3.44552e+01;    3.10686e+01;    3.44760e+01;    4.34683e+01;    3.92981e+01;    3.20005e+01;    3.66747e+01;    4.02165e+01;    3.59370e+01;    3.67978e+01;    3.86883e+01;    3.69347e+01;    4.29049e+01;    4.11461e+01;    3.75006e+01;    3.56504e+01;    4.08514e+01;    3.76964e+01;    3.74996e+01;    3.70368e+01;    3.62202e+01;    3.22527e+01;    3.35000e+01;    3.88255e+01;    3.46042e+01;    3.34419e+01;    3.25086e+01;    2.98349e+01;    2.57810e+01;    2.61312e+01;    2.52240e+01;    2.22460e+01;    2.55534e+01;    2.98983e+01;    2.65043e+01;    2.85460e+01;    2.76812e+01;    3.18231e+01;    3.13820e+01;    2.94900e+01;    2.84468e+01;    3.16566e+01;    2.82778e+01;    2.55373e+01;    2.14668e+01;    1.34137e+01;    1.35255e+01;    1.50815e+01;    1.42225e+01;    1.48116e+01;    1.53776e+01;    1.93341e+01;    2.11811e+01;    2.28653e+01;    2.15831e+01;    1.35562e+01;    1.21166e+01;    8.85846e+00;    5.25479e+00;    5.11363e+00;    1.94781e+01;    1.81914e+01;    1.74993e+01
    3.18257e+01;    2.50089e+01;    2.59425e+01;    2.97207e+01;    3.53203e+01;    3.70578e+01;    3.91550e+01;    3.92682e+01;    3.39892e+01;    3.48935e+01;    3.73078e+01;    3.78409e+01;    3.36142e+01;    3.24524e+01;    3.45567e+01;    3.23894e+01;    4.06408e+01;    3.77358e+01;    3.33510e+01;    3.61201e+01;    3.30290e+01;    3.08048e+01;    3.07578e+01;    3.07561e+01;    3.57059e+01;    4.03609e+01;    3.59870e+01;    3.19298e+01;    3.33581e+01;    3.47543e+01;    3.04453e+01;    2.61454e+01;    2.62741e+01;    2.74956e+01;    2.85142e+01;    3.56672e+01;    3.08416e+01;    3.32790e+01;    3.11856e+01;    2.69751e+01;    3.12148e+01;    2.74660e+01;    2.63786e+01;    2.58432e+01;    2.19913e+01;    2.47567e+01;    2.00491e+01;    1.19068e+01;    1.47745e+01;    1.43377e+01;    1.07112e+01;    9.33321e+00;    1.36377e+01;    1.66922e+01;    2.48998e+01;    2.11401e+01;    2.12876e+01;    1.58331e+01;    6.82310e+00;    3.85854e+00;    9.35299e+00;    7.68908e+00;    1.60375e+01;    1.89228e+01;    2.18724e+01
    2.83720e+01;    2.67926e+01;    2.95438e+01;    3.35581e+01;    3.01480e+01;    3.22944e+01;    3.40641e+01;    3.84853e+01;    2.79536e+01;    3.25747e+01;    3.27793e+01;    3.32615e+01;    3.53552e+01;    3.34167e+01;    2.86674e+01;    3.46133e+01;    3.66262e+01;    3.28844e+01;    3.53780e+01;    3.62454e+01;    3.85978e+01;    2.97581e+01;    3.19313e+01;    3.15316e+01;    2.98652e+01;    3.23003e+01;    3.16600e+01;    3.37797e+01;    2.76780e+01;    3.09187e+01;    2.68203e+01;    2.61500e+01;    3.08461e+01;    2.77749e+01;    2.20844e+01;    2.83174e+01;    2.79906e+01;    3.49250e+01;    2.75724e+01;    3.06274e+01;    2.98788e+01;    2.40085e+01;    2.29996e+01;    1.76785e+01;    1.72373e+01;    1.82138e+01;    2.13883e+01;    1.14837e+01;    1.54598e+01;    1.68515e+01;    1.01562e+01;    1.00405e+01;    1.84196e+01;    2.07512e+01;    2.16033e+01;    2.06366e+01;    1.72397e+01;    1.70818e+01;    1.00004e+01;    1.28514e+01;    1.41449e+01;    1.26463e+01;    1.30494e+01;    1.35445e+01;    1.46681e+01
    2.78416e+01;    2.54285e+01;    2.68067e+01;    3.22667e+01;    3.62202e+01;    3.26105e+01;    3.53424e+01;    3.19400e+01;    2.77440e+01;    2.93393e+01;    3.33180e+01;    3.21075e+01;    3.29182e+01;    3.46485e+01;    2.98759e+01;    3.39745e+01;    3.31882e+01;    4.11623e+01;    3.09657e+01;    3.06385e+01;    3.04052e+01;    2.62382e+01;    3.16534e+01;    3.35634e+01;    3.31605e+01;    2.77394e+01;    3.19795e+01;    3.17688e+01;    2.72265e+01;    3.12542e+01;    2.89012e+01;    2.44366e+01;    2.32597e+01;    1.99067e+01;    2.15749e+01;    2.55271e+01;    3.52560e+01;    3.49184e+01;    2.87804e+01;    2.43977e+01;    2.51130e+01;    2.27384e+01;    2.22501e+01;    1.56123e+01;    1.51780e+01;    1.39842e+01;    1.18896e+01;    1.27767e+01;    1.49151e+01;    8.72418e+00;    1.61372e+01;    1.78667e+01;    1.44860e+01;    1.34421e+01;    1.48926e+01;    1.70110e+01;    2.03910e+01;    1.78657e+01;    2.03217e+01;    1.88570e+01;    1.55784e+01;    1.86627e+01;    1.75297e+01;    1.45394e+01;    1.21012e+01
    2.77612e+01;    3.20195e+01;    2.99299e+01;    3.79916e+01;    2.73539e+01;    2.90348e+01;    2.18153e+01;    2.55443e+01;    2.96336e+01;    3.02257e+01;    2.87079e+01;    2.40462e+01;    2.36595e+01;    2.75299e+01;    2.83068e+01;    2.65427e+01;    2.71068e+01;    3.77244e+01;    3.27135e+01;    2.70045e+01;    2.45151e+01;    2.62828e+01;    3.42297e+01;    2.77588e+01;    2.64766e+01;    2.16226e+01;    2.51749e+01;    2.67593e+01;    2.36666e+01;    3.21890e+01;    3.08921e+01;    2.56468e+01;    2.25729e+01;    1.69481e+01;    1.93898e+01;    2.41242e+01;    3.48091e+01;    2.71714e+01;    2.85746e+01;    2.91628e+01;    1.87517e+01;    1.98272e+01;    1.94969e+01;    1.99680e+01;    8.47642e+00;    1.10511e+01;    1.14978e+01;    1.10383e+01;    1.53146e+01;    1.75894e+01;    1.36618e+01;    1.52758e+01;    1.57849e+01;    1.08496e+01;    1.24464e+01;    1.94201e+01;    1.62884e+01;    2.41695e+01;    2.26724e+01;    1.90351e+01;    1.22139e+01;    1.29704e+01;    1.39290e+01;    1.21049e+01;    1.38702e+01
    3.18581e+01;    3.74632e+01;    3.66366e+01;    3.42213e+01;    3.26538e+01;    2.82060e+01;    1.88881e+01;    2.40809e+01;    2.43038e+01;    2.71026e+01;    2.32434e+01;    2.18822e+01;    2.34812e+01;    2.77247e+01;    2.37866e+01;    2.71480e+01;    2.86397e+01;    2.89471e+01;    3.39915e+01;    3.29476e+01;    2.60437e+01;    2.46981e+01;    2.87714e+01;    3.14920e+01;    2.73596e+01;    2.56394e+01;    2.54179e+01;    2.49105e+01;    2.86340e+01;    2.87880e+01;    3.09311e+01;    3.24162e+01;    2.48957e+01;    2.04766e+01;    2.44765e+01;    2.73468e+01;    2.65813e+01;    2.69837e+01;    2.77248e+01;    3.27178e+01;    2.55765e+01;    2.12457e+01;    1.71012e+01;    1.48499e+01;    1.26678e+01;    9.18673e+00;    1.54166e+01;    1.80064e+01;    1.68656e+01;    1.82927e+01;    1.55238e+01;    1.60367e+01;    1.60708e+01;    1.69198e+01;    1.35052e+01;    1.83241e+01;    1.45318e+01;    1.96977e+01;    2.14622e+01;    2.03752e+01;    1.98641e+01;    1.43818e+01;    2.04902e+01;    9.95679e+00;    7.08104e+00
    2.97297e+01;    3.52564e+01;    3.49023e+01;    3.20536e+01;    3.14439e+01;    3.18337e+01;    2.37913e+01;    2.21271e+01;    2.25536e+01;    2.06216e+01;    1.73419e+01;    1.91061e+01;    2.53148e+01;    2.48399e+01;    2.60101e+01;    3.06261e+01;    2.93578e+01;    2.84904e+01;    2.96682e+01;    2.95367e+01;    2.33443e+01;    2.73740e+01;    2.55312e+01;    2.42465e+01;    2.43808e+01;    2.14167e+01;    2.89671e+01;    2.57381e+01;    3.33739e+01;    3.00360e+01;    3.21664e+01;    2.68256e+01;    2.09604e+01;    2.23662e+01;    2.34714e+01;    1.73885e+01;    1.89919e+01;    2.78125e+01;    2.51071e+01;    2.51338e+01;    2.40438e+01;    2.40630e+01;    2.58521e+01;    1.50180e+01;    1.51862e+01;    8.92927e+00;    1.80170e+01;    2.16168e+01;    1.97123e+01;    1.78135e+01;    1.30881e+01;    1.83683e+01;    1.92403e+01;    1.96241e+01;    1.87542e+01;    1.59653e+01;    1.35001e+01;    2.15204e+01;    2.47628e+01;    2.83500e+01;    1.89153e+01;    1.59791e+01;    1.66159e+01;    1.96361e+01;    1.80501e+01
    4.07965e+01;    3.62841e+01;    3.62305e+01;    2.57710e+01;    3.18591e+01;    3.22725e+01;    2.59640e+01;    2.24531e+01;    2.18711e+01;    2.22999e+01;    2.21356e+01;    2.58419e+01;    2.41829e+01;    2.41082e+01;    2.63139e+01;    2.89151e+01;    2.56107e+01;    3.14280e+01;    3.37748e+01;    3.06358e+01;    2.85015e+01;    2.29540e+01;    2.54844e+01;    2.15307e+01;    1.98630e+01;    2.22734e+01;    2.76886e+01;    3.01059e+01;    3.46996e+01;    2.44205e+01;    2.87869e+01;    2.09124e+01;    2.58139e+01;    2.07982e+01;    1.85630e+01;    1.52203e+01;    1.66549e+01;    1.96118e+01;    2.47112e+01;    2.34643e+01;    2.46386e+01;    2.36202e+01;    2.29970e+01;    2.06663e+01;    1.50243e+01;    1.09373e+01;    9.25210e+00;    1.74663e+01;    2.01141e+01;    2.02212e+01;    1.78735e+01;    2.18512e+01;    2.35605e+01;    1.98419e+01;    2.29840e+01;    2.43368e+01;    2.25387e+01;    2.23497e+01;    2.63926e+01;    2.42001e+01;    2.21526e+01;    2.25204e+01;    1.78896e+01;    2.05359e+01;    1.46563e+01
    3.79235e+01;    3.41368e+01;    3.06118e+01;    3.32680e+01;    3.24062e+01;    3.11904e+01;    2.64267e+01;    3.24159e+01;    2.82226e+01;    2.61551e+01;    2.60075e+01;    3.15695e+01;    2.50693e+01;    2.37532e+01;    2.35337e+01;    2.42665e+01;    2.83678e+01;    3.22621e+01;    3.19533e+01;    2.67171e+01;    2.04887e+01;    1.76526e+01;    1.70602e+01;    1.87421e+01;    1.76376e+01;    2.50508e+01;    2.66799e+01;    2.38536e+01;    3.06277e+01;    2.48303e+01;    2.48993e+01;    2.00029e+01;    2.46201e+01;    2.64776e+01;    1.86260e+01;    1.42410e+01;    1.71076e+01;    1.56272e+01;    2.46394e+01;    1.85873e+01;    2.97440e+01;    2.71975e+01;    2.54861e+01;    2.19210e+01;    1.41415e+01;    9.38598e+00;    1.19953e+01;    1.25872e+01;    2.40182e+01;    1.48401e+01;    1.43120e+01;    1.73809e+01;    1.49145e+01;    1.47238e+01;    1.96400e+01;    1.64840e+01;    2.11181e+01;    2.27795e+01;    2.12397e+01;    2.15972e+01;    1.93624e+01;    2.68219e+01;    1.86843e+01;    2.45437e+01;    1.95110e+01
    3.79045e+01;    3.05340e+01;    3.04412e+01;    3.12538e+01;    2.58745e+01;    3.19969e+01;    3.15375e+01;    2.94470e+01;    2.73838e+01;    2.59498e+01;    2.75986e+01;    2.72793e+01;    2.40956e+01;    2.54054e+01;    2.78363e+01;    2.22891e+01;    2.80234e+01;    2.89108e+01;    2.58371e+01;    2.94430e+01;    2.35688e+01;    1.73093e+01;    1.69771e+01;    2.11107e+01;    1.88498e+01;    2.37812e+01;    1.84780e+01;    2.01982e+01;    2.85134e+01;    2.19521e+01;    1.72764e+01;    2.29116e+01;    2.11152e+01;    2.37219e+01;    2.43810e+01;    2.11855e+01;    1.78825e+01;    2.62866e+01;    2.25130e+01;    1.57545e+01;    2.05535e+01;    2.30377e+01;    1.93900e+01;    1.78330e+01;    1.15532e+01;    4.60220e+00;    1.55224e+01;    1.74281e+01;    1.38385e+01;    1.13240e+01;    1.28662e+01;    1.48756e+01;    1.53472e+01;    1.20129e+01;    1.36836e+01;    1.26947e+01;    2.38055e+01;    2.27607e+01;    2.18614e+01;    1.92312e+01;    2.31734e+01;    2.11518e+01;    2.32150e+01;    2.56296e+01;    2.12073e+01
    2.85460e+01;    2.90658e+01;    2.85356e+01;    2.63542e+01;    3.15930e+01;    2.91394e+01;    3.78830e+01;    3.61138e+01;    3.44504e+01;    2.87426e+01;    2.83661e+01;    2.57304e+01;    2.83858e+01;    3.12338e+01;    2.39600e+01;    2.69704e+01;    2.62923e+01;    2.46157e+01;    1.98629e+01;    2.44101e+01;    2.32253e+01;    2.27855e+01;    1.91962e+01;    1.50860e+01;    1.66798e+01;    1.74690e+01;    2.05421e+01;    2.47343e+01;    2.28065e+01;    2.51175e+01;    1.99730e+01;    2.19611e+01;    2.13537e+01;    1.84180e+01;    1.76387e+01;    2.74646e+01;    2.16282e+01;    2.29908e+01;    2.06468e+01;    2.09707e+01;    1.69950e+01;    2.22681e+01;    2.08732e+01;    1.17239e+01;    1.47563e+01;    7.46155e+00;    1.59498e+01;    1.99746e+01;    1.83301e+01;    1.17216e+01;    1.35145e+01;    1.22928e+01;    1.90572e+01;    2.22612e+01;    1.27065e+01;    1.47312e+01;    1.48314e+01;    2.03542e+01;    2.04410e+01;    1.88237e+01;    2.06712e+01;    2.27744e+01;    2.16525e+01;    1.88446e+01;    2.34504e+01
    2.63579e+01;    3.69454e+01;    3.18020e+01;    3.03323e+01;    2.64558e+01;    2.44177e+01;    3.05632e+01;    3.27670e+01;    2.88698e+01;    3.42268e+01;    2.51825e+01;    2.58268e+01;    2.69870e+01;    2.54673e+01;    2.98465e+01;    2.58071e+01;    2.23900e+01;    2.20432e+01;    2.00940e+01;    2.14374e+01;    1.80310e+01;    2.32041e+01;    1.53230e+01;    1.46222e+01;    1.99148e+01;    1.79115e+01;    1.81620e+01;    1.75480e+01;    2.04865e+01;    1.63111e+01;    2.44293e+01;    2.14751e+01;    2.09794e+01;    1.75392e+01;    2.06835e+01;    2.31735e+01;    1.88925e+01;    1.97147e+01;    2.66106e+01;    2.44377e+01;    2.06924e+01;    1.90336e+01;    1.35533e+01;    1.56002e+01;    1.29145e+01;    1.25993e+01;    1.60914e+01;    1.76788e+01;    1.70025e+01;    1.66403e+01;    7.47483e+00;    1.55444e+01;    2.10124e+01;    2.33286e+01;    2.05575e+01;    1.79088e+01;    1.57151e+01;    1.34263e+01;    1.86715e+01;    2.03786e+01;    1.94363e+01;    1.57794e+01;    1.84124e+01;    2.21338e+01;    2.53007e+01
    2.76608e+01;    3.24065e+01;    3.80691e+01;    3.18104e+01;    2.82214e+01;    2.30557e+01;    2.93095e+01;    2.36348e+01;    2.90833e+01;    2.71266e+01;    3.06964e+01;    2.84645e+01;    3.15925e+01;    3.37278e+01;    2.88626e+01;    2.87087e+01;    2.54012e+01;    2.08833e+01;    1.99328e+01;    1.75410e+01;    1.15766e+01;    1.76051e+01;    1.54774e+01;    1.12368e+01;    1.98791e+01;    1.71777e+01;    1.22761e+01;    1.25914e+01;    1.89041e+01;    1.87873e+01;    1.71631e+01;    1.96219e+01;    1.81406e+01;    1.84802e+01;    2.35159e+01;    2.50716e+01;    2.45615e+01;    2.46855e+01;    2.52113e+01;    2.51978e+01;    2.29503e+01;    1.95233e+01;    1.96041e+01;    1.91740e+01;    1.66848e+01;    1.54767e+01;    1.89714e+01;    2.25408e+01;    2.32011e+01;    1.64728e+01;    8.32004e+00;    1.44904e+01;    2.01167e+01;    2.17323e+01;    2.14728e+01;    1.58232e+01;    9.94848e+00;    1.93061e+01;    2.33760e+01;    1.78053e+01;    2.37521e+01;    2.78022e+01;    2.59321e+01;    2.55464e+01;    3.07834e+01
    3.22102e+01;    2.86827e+01;    3.07805e+01;    3.03148e+01;    2.83664e+01;    3.01942e+01;    2.65667e+01;    2.23372e+01;    2.43827e+01;    2.27757e+01;    2.75211e+01;    2.91121e+01;    2.86545e+01;    2.70688e+01;    2.85983e+01;    2.49633e+01;    2.26747e+01;    1.99441e+01;    1.99873e+01;    1.95134e+01;    1.67038e+01;    1.77158e+01;    2.08096e+01;    1.89607e+01;    1.48839e+01;    1.96895e+01;    1.58037e+01;    1.43485e+01;    1.72679e+01;    1.70695e+01;    1.40682e+01;    1.79196e+01;    2.36467e+01;    2.43305e+01;    2.47203e+01;    2.73677e+01;    2.54814e+01;    2.75490e+01;    2.28159e+01;    2.58857e+01;    2.45510e+01;    2.78365e+01;    1.99040e+01;    2.77923e+01;    2.19679e+01;    2.86735e+01;    3.05675e+01;    2.30550e+01;    2.25390e+01;    1.75947e+01;    2.07106e+01;    1.64714e+01;    1.99662e+01;    2.20327e+01;    1.71618e+01;    1.69659e+01;    1.41312e+01;    2.00375e+01;    1.91268e+01;    1.91577e+01;    2.74929e+01;    2.47750e+01;    3.18604e+01;    2.32375e+01;    2.66365e+01
    3.19051e+01;    3.20684e+01;    3.11637e+01;    3.15162e+01;    2.79648e+01;    2.86470e+01;    2.70499e+01;    2.46417e+01;    2.47579e+01;    2.94714e+01;    2.56053e+01;    3.31539e+01;    3.00122e+01;    2.88522e+01;    2.58294e+01;    1.99661e+01;    2.26194e+01;    2.31855e+01;    2.40265e+01;    1.97716e+01;    2.05183e+01;    2.02698e+01;    2.47774e+01;    2.37547e+01;    1.93299e+01;    2.00146e+01;    2.29478e+01;    1.81685e+01;    1.80172e+01;    1.18554e+01;    1.82888e+01;    1.97432e+01;    2.40408e+01;    2.58687e+01;    2.75538e+01;    2.23339e+01;    2.46171e+01;    2.00929e+01;    2.72352e+01;    2.80488e+01;    2.60243e+01;    2.27744e+01;    2.23594e+01;    2.61361e+01;    2.55183e+01;    3.20480e+01;    2.62033e+01;    2.44263e+01;    2.22661e+01;    2.35357e+01;    2.23166e+01;    2.49902e+01;    2.13099e+01;    1.62412e+01;    1.89654e+01;    2.12849e+01;    1.86132e+01;    1.43372e+01;    1.93578e+01;    2.56273e+01;    2.36594e+01;    3.14476e+01;    3.36318e+01;    3.28585e+01;    3.01214e+01
    3.08916e+01;    3.33152e+01;    3.02255e+01;    2.78549e+01;    2.45225e+01;    3.06687e+01;    2.98400e+01;    3.19426e+01;    2.82352e+01;    3.22199e+01;    2.77224e+01;    3.16203e+01;    2.50729e+01;    2.36954e+01;    2.47309e+01;    2.49249e+01;    2.16308e+01;    1.75826e+01;    2.17315e+01;    1.99924e+01;    2.15591e+01;    2.38803e+01;    2.32676e+01;    2.17222e+01;    1.69926e+01;    1.42646e+01;    1.78828e+01;    2.08389e+01;    1.55684e+01;    2.19191e+01;    1.66871e+01;    2.16400e+01;    2.26985e+01;    2.80584e+01;    2.42083e+01;    2.50218e+01;    2.32527e+01;    2.39311e+01;    2.41070e+01;    2.64366e+01;    2.51941e+01;    2.64314e+01;    2.93162e+01;    2.57648e+01;    3.16296e+01;    2.78266e+01;    2.99120e+01;    2.75402e+01;    2.03551e+01;    2.35185e+01;    2.20442e+01;    2.40518e+01;    2.18251e+01;    1.74919e+01;    1.66322e+01;    2.28823e+01;    2.38647e+01;    1.99226e+01;    2.52268e+01;    2.52188e+01;    3.18523e+01;    3.46717e+01;    3.57660e+01;    3.35154e+01;    3.15227e+01
    2.88343e+01;    3.11090e+01;    2.79221e+01;    2.93870e+01;    1.89462e+01;    1.82956e+01;    2.45799e+01;    3.11861e+01;    3.13105e+01;    3.39430e+01;    2.57234e+01;    3.15575e+01;    2.73046e+01;    2.21293e+01;    2.25017e+01;    2.68807e+01;    2.94903e+01;    2.05777e+01;    2.33248e+01;    2.38853e+01;    2.29162e+01;    2.28084e+01;    2.01380e+01;    1.85436e+01;    1.30392e+01;    1.67720e+01;    2.09607e+01;    1.75429e+01;    1.96311e+01;    1.54010e+01;    1.75156e+01;    2.21032e+01;    2.01278e+01;    2.10574e+01;    1.57116e+01;    1.47261e+01;    2.48706e+01;    2.13258e+01;    2.43858e+01;    2.45563e+01;    2.90926e+01;    2.64055e+01;    3.36536e+01;    2.49655e+01;    2.77235e+01;    2.51597e+01;    2.69511e+01;    2.67384e+01;    2.17521e+01;    2.22045e+01;    1.69033e+01;    1.52016e+01;    1.37642e+01;    1.53493e+01;    2.62863e+01;    2.31198e+01;    2.09054e+01;    1.49875e+01;    1.94804e+01;    2.44297e+01;    2.57774e+01;    3.14555e+01;    3.15602e+01;    3.45423e+01;    2.78427e+01
    2.24124e+01;    2.74343e+01;    3.08730e+01;    2.32435e+01;    1.93644e+01;    2.69472e+01;    2.51169e+01;    2.73682e+01;    2.86452e+01;    3.21299e+01;    3.33449e+01;    3.56178e+01;    2.21931e+01;    2.40240e+01;    2.25157e+01;    2.98837e+01;    2.30845e+01;    2.37946e+01;    1.86911e+01;    2.20193e+01;    2.61246e+01;    2.35152e+01;    2.06589e+01;    1.36803e+01;    2.16369e+01;    1.91633e+01;    1.79377e+01;    2.21663e+01;    1.82741e+01;    1.23656e+01;    2.01229e+01;    1.86912e+01;    2.29742e+01;    1.77839e+01;    1.61116e+01;    1.86971e+01;    1.61487e+01;    1.85719e+01;    2.76060e+01;    2.64925e+01;    2.50008e+01;    2.66424e+01;    2.65349e+01;    2.43854e+01;    2.42626e+01;    2.83375e+01;    2.83173e+01;    3.10478e+01;    2.97775e+01;    2.27483e+01;    2.07327e+01;    1.80610e+01;    1.52027e+01;    1.87346e+01;    2.15099e+01;    2.37718e+01;    2.20248e+01;    1.91181e+01;    2.31792e+01;    2.47830e+01;    2.98279e+01;    3.04125e+01;    3.17526e+01;    2.39503e+01;    2.53859e+01
    1.77911e+01;    2.28162e+01;    2.57676e+01;    2.77303e+01;    2.11695e+01;    3.09674e+01;    2.86987e+01;    2.99616e+01;    3.15093e+01;    2.88612e+01;    2.83021e+01;    3.14224e+01;    2.52657e+01;    2.74201e+01;    2.96048e+01;    2.25656e+01;    2.29255e+01;    2.64267e+01;    2.16810e+01;    2.47982e+01;    2.84304e+01;    2.53972e+01;    2.21371e+01;    1.27601e+01;    2.23237e+01;    2.86147e+01;    2.36017e+01;    2.01565e+01;    2.17566e+01;    1.68892e+01;    2.29133e+01;    1.80333e+01;    1.30105e+01;    1.52377e+01;    1.26328e+01;    1.08341e+01;    1.27113e+01;    2.20367e+01;    2.44081e+01;    2.32813e+01;    1.78216e+01;    2.30665e+01;    2.12981e+01;    2.60476e+01;    1.88444e+01;    2.30274e+01;    2.66839e+01;    2.81954e+01;    2.26429e+01;    2.69824e+01;    2.25557e+01;    2.02663e+01;    1.33339e+01;    1.79329e+01;    2.11426e+01;    2.31158e+01;    2.08970e+01;    2.45264e+01;    2.18487e+01;    2.68236e+01;    2.11693e+01;    2.68612e+01;    2.61589e+01;    2.29310e+01;    2.43762e+01
    2.20813e+01;    2.39672e+01;    2.44581e+01;    2.30488e+01;    2.68690e+01;    2.50591e+01;    2.50504e+01;    2.73260e+01;    2.75644e+01;    2.60480e+01;    2.31522e+01;    2.78334e+01;    2.96502e+01;    2.99978e+01;    2.71969e+01;    2.45547e+01;    2.54986e+01;    1.87168e+01;    2.43898e+01;    2.65211e+01;    2.48012e+01;    2.61736e+01;    2.48710e+01;    2.54996e+01;    2.35515e+01;    2.51288e+01;    2.41640e+01;    1.77780e+01;    2.21479e+01;    1.52360e+01;    1.91266e+01;    2.09158e+01;    1.74032e+01;    8.46037e+00;    6.58336e+00;    9.50149e+00;    1.20911e+01;    2.02777e+01;    1.63426e+01;    2.03231e+01;    2.26551e+01;    1.94177e+01;    1.75966e+01;    1.96594e+01;    1.54305e+01;    1.98484e+01;    2.81768e+01;    2.32608e+01;    2.25382e+01;    1.78454e+01;    2.14336e+01;    2.15334e+01;    2.16351e+01;    2.14828e+01;    2.10186e+01;    2.26121e+01;    1.86608e+01;    2.47467e+01;    2.18462e+01;    2.42036e+01;    2.77317e+01;    2.35457e+01;    2.10689e+01;    2.29431e+01;    2.39249e+01
    1.16747e+01;    2.43798e+01;    2.50067e+01;    2.60504e+01;    3.05946e+01;    2.68348e+01;    3.13907e+01;    2.97950e+01;    2.97103e+01;    2.24098e+01;    2.43349e+01;    2.23880e+01;    2.37134e+01;    2.80703e+01;    3.73377e+01;    3.36792e+01;    3.01801e+01;    2.71948e+01;    3.40145e+01;    2.93455e+01;    2.45278e+01;    2.59550e+01;    2.26613e+01;    2.30412e+01;    2.53787e+01;    2.42187e+01;    2.52027e+01;    1.96403e+01;    2.01665e+01;    1.19908e+01;    1.35134e+01;    1.71093e+01;    1.64543e+01;    4.73647e+00;    7.62829e+00;    1.08309e+01;    4.41601e+00;    1.54010e+01;    1.59354e+01;    1.88230e+01;    1.57152e+01;    2.11743e+01;    1.61078e+01;    1.67933e+01;    1.50308e+01;    1.57764e+01;    2.26368e+01;    2.27175e+01;    1.94986e+01;    2.06613e+01;    1.72753e+01;    1.68215e+01;    2.03977e+01;    2.10378e+01;    1.94735e+01;    2.39923e+01;    2.49022e+01;    2.80182e+01;    2.85971e+01;    2.84781e+01;    3.05493e+01;    2.88388e+01;    2.66104e+01;    2.33877e+01;    2.65168e+01
    2.38071e+01;    2.42196e+01;    2.34555e+01;    2.56846e+01;    2.69575e+01;    2.73781e+01;    2.96908e+01;    3.12009e+01;    3.67475e+01;    2.74888e+01;    1.80171e+01;    2.77689e+01;    2.84036e+01;    3.12952e+01;    3.36873e+01;    3.02361e+01;    2.91147e+01;    3.37714e+01;    3.51879e+01;    2.91410e+01;    2.79937e+01;    2.07165e+01;    2.26850e+01;    2.34701e+01;    2.02817e+01;    2.34522e+01;    2.39961e+01;    2.40459e+01;    1.77803e+01;    2.14836e+01;    2.05607e+01;    1.84201e+01;    1.21209e+01;    5.71356e+00;    1.12632e+01;    5.87720e+00;    1.19980e+01;    1.00317e+01;    1.63687e+01;    1.50352e+01;    1.51184e+01;    1.79572e+01;    1.98934e+01;    1.94415e+01;    1.32679e+01;    9.14395e+00;    2.07007e+01;    1.87718e+01;    1.23854e+01;    2.20446e+01;    1.63133e+01;    1.48589e+01;    1.77801e+01;    2.41788e+01;    2.35048e+01;    1.84886e+01;    2.16984e+01;    2.58002e+01;    2.97077e+01;    2.78652e+01;    2.92645e+01;    3.00520e+01;    2.68204e+01;    2.20368e+01;    2.07224e+01
    2.28934e+01;    1.80463e+01;    2.33528e+01;    3.08401e+01;    3.09138e+01;    2.98920e+01;    3.33748e+01;    3.00997e+01;    3.23477e+01;    3.45529e+01;    2.62600e+01;    2.89490e+01;    3.09740e+01;    3.53017e+01;    3.26971e+01;    2.80244e+01;    3.24119e+01;    3.20094e+01;    3.27684e+01;    2.95496e+01;    2.62316e+01;    2.48661e+01;    2.20619e+01;    2.82229e+01;    2.18053e+01;    2.33839e+01;    1.95532e+01;    2.20230e+01;    2.24472e+01;    2.25765e+01;    2.11248e+01;    1.85453e+01;    1.83257e+01;    1.19383e+01;    8.85579e+00;    6.15710e+00;    1.10005e+01;    1.17803e+01;    1.53472e+01;    1.29049e+01;    1.49901e+01;    1.16320e+01;    1.32386e+01;    1.89326e+01;    1.99465e+01;    1.65349e+01;    1.58368e+01;    1.16158e+01;    1.07666e+01;    1.57864e+01;    1.48414e+01;    2.16577e+01;    2.19876e+01;    2.95584e+01;    1.78558e+01;    1.71256e+01;    1.67497e+01;    2.54438e+01;    2.88976e+01;    3.33269e+01;    3.05552e+01;    2.73080e+01;    2.46702e+01;    3.02945e+01;    2.26887e+01
    1.81609e+01;    2.04968e+01;    2.91733e+01;    3.57861e+01;    3.48333e+01;    3.77501e+01;    3.35959e+01;    2.37460e+01;    2.68884e+01;    3.43066e+01;    3.24927e+01;    3.64998e+01;    3.41477e+01;    3.19599e+01;    3.09884e+01;    2.55443e+01;    3.22028e+01;    3.57870e+01;    2.65294e+01;    2.50021e+01;    3.21812e+01;    2.90482e+01;    2.95350e+01;    2.20192e+01;    2.33279e+01;    2.66103e+01;    2.32230e+01;    2.16250e+01;    2.42197e+01;    2.56270e+01;    2.41277e+01;    2.07058e+01;    1.38883e+01;    1.01441e+01;    5.46103e+00;    1.94034e+00;    1.18826e+01;    1.27282e+01;    1.40172e+01;    9.30810e+00;    1.41467e+01;    1.43058e+01;    1.48741e+01;    1.26336e+01;    1.44928e+01;    1.57362e+01;    1.71171e+01;    1.33777e+01;    1.76829e+01;    1.84885e+01;    1.53649e+01;    1.97307e+01;    1.76123e+01;    2.17603e+01;    1.42370e+01;    1.80082e+01;    1.78660e+01;    2.40978e+01;    2.78156e+01;    2.89122e+01;    2.93895e+01;    2.75979e+01;    2.98421e+01;    3.05089e+01;    2.40330e+01
    1.21449e+01;    1.80691e+01;    2.35107e+01;    2.55345e+01;    3.13819e+01;    3.11396e+01;    2.61249e+01;    2.82283e+01;    2.64148e+01;    2.89786e+01;    3.24692e+01;    3.83773e+01;    4.20320e+01;    3.58078e+01;    3.60433e+01;    3.37329e+01;    2.79960e+01;    3.57363e+01;    2.92138e+01;    2.90663e+01;    2.65367e+01;    2.69675e+01;    2.69837e+01;    2.66677e+01;    2.50810e+01;    2.66839e+01;    2.49638e+01;    2.60766e+01;    2.43791e+01;    2.71536e+01;    2.62036e+01;    2.21193e+01;    1.38609e+01;    1.32451e+01;    1.04756e+01;    1.10726e+01;    7.89812e+00;    1.38046e+01;    1.46450e+01;    1.64050e+01;    1.27106e+01;    7.97233e+00;    7.16337e+00;    1.16368e+01;    8.07042e+00;    1.20823e+01;    9.64011e+00;    1.70203e+01;    1.90618e+01;    2.04738e+01;    1.79834e+01;    1.62092e+01;    1.87792e+01;    2.29153e+01;    2.09139e+01;    1.90616e+01;    2.45513e+01;    2.13659e+01;    2.64406e+01;    2.44376e+01;    2.57347e+01;    2.68187e+01;    2.45367e+01;    2.87444e+01;    2.16163e+01
    1.35586e+01;    2.53781e+01;    2.59499e+01;    2.69506e+01;    2.89211e+01;    2.58237e+01;    2.65452e+01;    3.17312e+01;    2.49783e+01;    2.58369e+01;    3.62499e+01;    3.89310e+01;    4.00023e+01;    3.04794e+01;    3.03253e+01;    3.08915e+01;    3.06295e+01;    2.52810e+01;    2.74964e+01;    2.63432e+01;    2.78321e+01;    3.01360e+01;    3.04944e+01;    2.24032e+01;    2.68614e+01;    2.27372e+01;    2.43592e+01;    1.97886e+01;    2.70448e+01;    2.10308e+01;    1.92230e+01;    2.00022e+01;    1.36139e+01;    1.46842e+01;    1.81943e+01;    1.81805e+01;    1.17423e+01;    1.71539e+01;    1.63158e+01;    1.46608e+01;    9.29475e+00;    9.38472e+00;    1.09832e+01;    1.35413e+01;    8.36556e+00;    1.40600e+01;    1.21739e+01;    1.51922e+01;    1.84763e+01;    2.06805e+01;    1.23740e+01;    1.68267e+01;    1.64885e+01;    2.22953e+01;    2.33149e+01;    2.55784e+01;    2.26850e+01;    2.30784e+01;    2.49180e+01;    2.39821e+01;    2.89283e+01;    3.11019e+01;    2.47426e+01;    2.42390e+01;    1.71801e+01
    2.31990e+01;    2.04276e+01;    2.70051e+01;    2.59635e+01;    2.61627e+01;    2.80414e+01;    2.56929e+01;    2.74001e+01;    2.37207e+01;    2.68484e+01;    3.39555e+01;    3.68292e+01;    3.70950e+01;    2.74437e+01;    3.15371e+01;    2.95265e+01;    2.48327e+01;    2.14313e+01;    1.92844e+01;    2.79029e+01;    2.40417e+01;    2.95492e+01;    3.20627e+01;    2.88296e+01;    2.92136e+01;    1.99453e+01;    1.60428e+01;    1.06966e+01;    1.76491e+01;    2.03469e+01;    2.16289e+01;    2.03135e+01;    2.01096e+01;    1.92595e+01;    1.61717e+01;    1.55776e+01;    1.49123e+01;    1.27257e+01;    1.44672e+01;    1.35633e+01;    1.43421e+01;    1.16590e+01;    8.66369e+00;    2.30783e+00;    6.08364e+00;    1.32417e+01;    6.56493e+00;    1.61095e+01;    1.11977e+01;    1.54292e+01;    1.23559e+01;    1.16869e+01;    1.19716e+01;    1.85890e+01;    2.23790e+01;    2.54010e+01;    2.23642e+01;    1.75577e+01;    2.91914e+01;    2.57861e+01;    2.50115e+01;    2.89861e+01;    2.30886e+01;    1.81913e+01;    1.86223e+01
    1.98957e+01;    2.11854e+01;    2.20494e+01;    2.61155e+01;    2.35713e+01;    2.52683e+01;    1.99848e+01;    2.31437e+01;    2.45897e+01;    2.58625e+01;    3.19129e+01;    3.68673e+01;    3.35960e+01;    3.28703e+01;    3.17346e+01;    3.26386e+01;    3.25307e+01;    2.44692e+01;    2.50755e+01;    1.86624e+01;    1.98778e+01;    3.30952e+01;    3.32887e+01;    2.94368e+01;    2.95712e+01;    1.95968e+01;    1.58223e+01;    1.09739e+01;    9.19715e+00;    1.45733e+01;    1.80592e+01;    2.19966e+01;    1.42890e+01;    1.70186e+01;    1.92570e+01;    1.17062e+01;    1.24243e+01;    1.60836e+01;    1.63859e+01;    1.20607e+01;    1.56069e+01;    1.62649e+01;    9.99623e+00;    0.00000e+00;    5.76945e+00;    1.40913e+01;    9.33393e+00;    9.14601e+00;    1.00474e+01;    1.92702e+01;    1.19020e+01;    1.81591e+01;    1.78591e+01;    2.20340e+01;    2.12088e+01;    2.42420e+01;    1.76314e+01;    2.08745e+01;    1.78352e+01;    2.26733e+01;    2.60366e+01;    2.42974e+01;    2.53381e+01;    2.15740e+01;    1.79731e+01
    2.06933e+01;    2.19091e+01;    2.50825e+01;    2.74064e+01;    3.08421e+01;    2.63776e+01;    2.30458e+01;    2.71232e+01;    2.32254e+01;    2.72664e+01;    2.55111e+01;    3.36530e+01;    3.28728e+01;    3.24428e+01;    2.91343e+01;    2.95524e+01;    3.20681e+01;    2.66175e+01;    2.09481e+01;    1.77873e+01;    2.03455e+01;    2.65055e+01;    3.07256e+01;    3.06354e+01;    2.83813e+01;    2.40549e+01;    2.32275e+01;    1.84879e+01;    1.70368e+01;    1.42113e+01;    1.63039e+01;    2.28430e+01;    1.83918e+01;    1.51946e+01;    1.78068e+01;    1.70735e+01;    1.70049e+01;    1.26935e+01;    1.07548e+01;    1.69030e+01;    1.51338e+01;    1.97458e+01;    1.13216e+01;    8.65825e+00;    1.29793e+01;    1.24556e+01;    1.22356e+01;    8.22377e+00;    1.76736e+01;    2.23014e+01;    1.14161e+01;    1.74191e+01;    2.10019e+01;    2.36320e+01;    2.60237e+01;    2.22776e+01;    1.61571e+01;    1.78137e+01;    2.31227e+01;    2.02452e+01;    2.11485e+01;    2.07954e+01;    2.21873e+01;    1.92851e+01;    2.03182e+01
    2.16365e+01;    2.52107e+01;    2.21956e+01;    2.38311e+01;    2.97482e+01;    3.33489e+01;    2.61545e+01;    2.36466e+01;    2.78589e+01;    2.94852e+01;    2.87456e+01;    2.33242e+01;    3.21994e+01;    2.58152e+01;    2.21406e+01;    2.94315e+01;    2.82999e+01;    2.40925e+01;    2.54981e+01;    2.26598e+01;    1.43564e+01;    2.46074e+01;    2.74268e+01;    2.89953e+01;    2.62065e+01;    2.71731e+01;    1.86873e+01;    1.68718e+01;    1.65735e+01;    1.84775e+01;    1.33115e+01;    2.38687e+01;    1.87885e+01;    1.74219e+01;    1.86694e+01;    1.45397e+01;    2.19645e+01;    1.59031e+01;    1.44447e+01;    1.97274e+01;    2.25187e+01;    1.74914e+01;    1.85014e+01;    1.93030e+01;    1.49547e+01;    1.40972e+01;    1.31124e+01;    1.12539e+01;    1.78027e+01;    2.34137e+01;    1.84568e+01;    2.21232e+01;    2.71028e+01;    2.93563e+01;    2.51665e+01;    2.06976e+01;    2.16451e+01;    1.52744e+01;    1.96161e+01;    1.21919e+01;    1.44700e+01;    1.16850e+01;    1.62006e+01;    1.40240e+01;    1.65931e+01
    1.92433e+01;    1.91242e+01;    2.91893e+01;    3.21330e+01;    2.96585e+01;    2.92358e+01;    2.50032e+01;    2.50936e+01;    2.51287e+01;    2.69669e+01;    2.65442e+01;    2.81800e+01;    2.38182e+01;    2.73509e+01;    2.64921e+01;    2.61182e+01;    2.55802e+01;    2.11413e+01;    2.23650e+01;    2.36550e+01;    2.14233e+01;    1.98786e+01;    2.44760e+01;    2.31101e+01;    2.60579e+01;    1.70509e+01;    1.68696e+01;    1.58040e+01;    1.81820e+01;    1.94754e+01;    1.85378e+01;    1.98334e+01;    1.82233e+01;    2.03818e+01;    1.91233e+01;    1.44308e+01;    1.86023e+01;    1.95201e+01;    1.94566e+01;    1.98482e+01;    1.86892e+01;    1.42732e+01;    1.46242e+01;    1.72555e+01;    1.44931e+01;    1.48870e+01;    1.99257e+01;    1.87488e+01;    1.64340e+01;    1.59498e+01;    2.51299e+01;    2.36948e+01;    2.34245e+01;    2.46083e+01;    1.85057e+01;    2.10088e+01;    1.86013e+01;    1.45134e+01;    1.08855e+01;    1.57930e+01;    1.79630e+01;    2.15066e+01;    1.92936e+01;    1.37538e+01;    1.69899e+01
    3.02075e+01;    2.19121e+01;    2.18607e+01;    2.68964e+01;    3.03621e+01;    2.60741e+01;    2.74233e+01;    2.34522e+01;    2.04450e+01;    2.19645e+01;    2.74319e+01;    2.69210e+01;    2.73182e+01;    2.21853e+01;    2.10718e+01;    2.01756e+01;    1.58211e+01;    1.94191e+01;    2.22573e+01;    2.48708e+01;    1.71816e+01;    1.92699e+01;    1.63216e+01;    2.21582e+01;    2.17654e+01;    1.76816e+01;    2.11391e+01;    2.17929e+01;    2.27666e+01;    2.18625e+01;    2.05390e+01;    1.91538e+01;    2.07077e+01;    2.26708e+01;    1.58849e+01;    1.55108e+01;    1.60943e+01;    1.23090e+01;    1.77012e+01;    1.91952e+01;    2.16300e+01;    2.22332e+01;    1.97562e+01;    1.99145e+01;    1.63450e+01;    2.05846e+01;    1.62092e+01;    1.40306e+01;    1.71195e+01;    2.28765e+01;    2.25982e+01;    1.93005e+01;    1.81809e+01;    2.17357e+01;    1.80741e+01;    1.46905e+01;    1.78248e+01;    1.78689e+01;    1.73339e+01;    1.55115e+01;    2.05853e+01;    2.62183e+01;    1.56540e+01;    2.38344e+01;    2.20094e+01
    2.53025e+01;    2.36918e+01;    1.98319e+01;    2.18228e+01;    2.49269e+01;    2.72472e+01;    2.63633e+01;    2.52207e+01;    2.29032e+01;    2.47488e+01;    2.06970e+01;    2.52422e+01;    2.42168e+01;    2.52739e+01;    2.10645e+01;    1.88907e+01;    1.80705e+01;    1.85642e+01;    1.58629e+01;    1.12805e+01;    1.33069e+01;    1.45478e+01;    1.50578e+01;    2.01629e+01;    2.18460e+01;    2.30507e+01;    2.43710e+01;    2.40148e+01;    1.69923e+01;    2.35969e+01;    2.27387e+01;    1.62461e+01;    1.71105e+01;    2.01969e+01;    2.01269e+01;    1.68827e+01;    1.33066e+01;    1.37625e+01;    1.72473e+01;    1.91064e+01;    2.02417e+01;    1.46646e+01;    1.83411e+01;    1.67284e+01;    1.40937e+01;    1.75192e+01;    1.40925e+01;    1.71877e+01;    2.36978e+01;    2.37159e+01;    2.33240e+01;    1.71444e+01;    1.22312e+01;    2.30450e+01;    2.41221e+01;    1.64746e+01;    1.32620e+01;    1.25965e+01;    1.00497e+01;    1.20510e+01;    1.83184e+01;    2.09114e+01;    2.19565e+01;    2.21803e+01;    1.97787e+01
    2.69648e+01;    2.66934e+01;    2.15981e+01;    2.61238e+01;    2.38572e+01;    2.57246e+01;    2.66104e+01;    1.90469e+01;    1.81115e+01;    1.99351e+01;    2.18041e+01;    2.02860e+01;    2.34293e+01;    2.01889e+01;    2.08246e+01;    1.38178e+01;    1.60853e+01;    1.78656e+01;    1.33496e+01;    1.21982e+01;    1.13997e+01;    1.56717e+01;    1.68988e+01;    2.35830e+01;    2.55475e+01;    2.55117e+01;    2.41220e+01;    2.35552e+01;    1.84874e+01;    1.94384e+01;    1.91013e+01;    1.81609e+01;    1.49338e+01;    1.66596e+01;    1.35253e+01;    1.37317e+01;    1.32805e+01;    1.20450e+01;    2.01487e+01;    2.14749e+01;    1.80335e+01;    1.29294e+01;    1.45093e+01;    1.68223e+01;    1.45971e+01;    1.70054e+01;    1.15723e+01;    1.45058e+01;    2.29918e+01;    2.22381e+01;    2.00026e+01;    1.66006e+01;    1.39376e+01;    1.28767e+01;    1.41418e+01;    1.43219e+01;    1.34231e+01;    1.63764e+01;    1.36253e+01;    1.66533e+01;    1.63108e+01;    2.22648e+01;    2.25083e+01;    2.16310e+01;    2.69648e+01
